2 4 6 8 10 12 14 16 18 20 22 24 26 28 30 32 34 35 38 39 42 44 46 48 50 52 54 56 58 60 62 64
2 4 6 8 10 12 14 16 18 20 22 24 26 28 30 32 34 35 38 39 42 44 46 48 50 52 54 56 58 60 62 64
2 4 6 8 10 12 14 16 18 20 22 24 26 28 30 32 33 35 38 39 42 44 46 47 50 52 54 56 58 60 62 64
2 4 6 8 10 12 14 16 18 20 22 24 26 28 30 32 34 36 37 39 42 44 46 47 50 51 54 56 58 60 62 64
2 4 6 8 10 12 14 16 18 20 22 24 26 28 30 32 34 36 37 39 42 44 46 48 50 52 54 56 58 60 62 64
2 4 6 8 10 12 14 16 18 20 22 24 26 28 30 32 34 35 38 39 42 44 46 48 50 52 54 56 58 60 62 64
2 4 6 8 10 12 14 16 18 20 22 24 26 28 30 32 34 36 37 39 42 44 46 48 50 52 54 56 58 60 62 64
2 4 6 8 10 12 14 16 18 20 22 24 26 28 30 32 34 36 37 39 42 44 46 48 50 52 54 56 58 60 62 64
2 4 6 8 10 12 14 16 18 20 22 24 26 28 30 32 34 35 38 39 42 43 46 48 50 52 54 56 58 60 62 64
2 4 6 8 10 12 14 16 18 20 22 24 26 28 30 32 34 36 37 39 42 44 46 48 50 52 54 56 58 60 62 64
2 4 6 8 10 12 14 16 18 20 22 24 26 28 30 32 34 36 37 39 42 44 46 48 50 52 54 56 58 60 62 64
2 4 6 8 10 12 14 16 18 20 22 24 26 28 30 32 34 36 37 39 42 44 46 48 50 52 54 56 58 60 62 64
2 4 6 8 10 12 14 16 18 20 22 24 26 28 30 32 34 36 37 39 42 44 46 48 50 52 54 56 58 60 62 64
2 4 6 8 10 12 14 16 18 20 22 24 26 28 30 32 34 36 37 39 42 44 46 48 50 52 54 56 58 60 62 64
2 4 6 8 10 12 14 16 18 20 22 24 26 28 30 32 34 36 37 39 42 44 46 48 50 52 54 56 58 60 62 64
2 4 6 8 10 12 14 16 18 20 22 24 26 28 30 32 34 35 38 39 42 44 46 48 50 52 54 56 58 60 62 64
2 4 6 8 10 12 14 16 18 20 22 24 26 28 30 32 34 35 38 39 42 44 46 48 50 52 54 56 58 60 62 64
2 4 6 8 10 12 14 16 18 20 22 24 26 28 30 32 34 36 37 39 42 44 46 48 50 52 54 56 58 60 62 64
2 4 6 8 10 12 14 16 18 20 22 24 26 28 30 32 33 35 38 39 42 44 46 47 50 52 54 56 58 60 62 64
2 4 6 8 10 12 14 16 18 20 22 24 26 28 30 32 34 35 38 39 42 44 46 48 50 52 54 56 58 60 62 64
2 4 6 8 10 12 14 16 18 20 22 24 26 28 30 32 34 36 37 39 42 44 46 48 50 52 54 56 58 60 62 64
2 4 6 8 10 12 14 16 18 20 22 24 26 28 30 32 34 35 38 39 42 44 46 48 50 52 54 56 58 60 62 64
2 4 6 8 10 12 14 16 18 20 22 24 26 28 30 32 34 36 37 39 42 44 46 48 50 52 54 56 58 60 62 64
2 4 6 8 10 12 14 16 18 20 22 24 26 28 30 32 34 36 37 39 42 44 46 48 50 52 54 56 58 60 62 64
2 4 6 8 10 12 14 16 18 20 22 24 26 28 30 32 34 35 38 39 42 44 46 48 50 52 54 56 58 60 62 64
2 4 6 8 10 12 14 16 18 20 22 24 26 28 30 32 34 35 38 39 42 44 46 48 50 52 54 56 58 60 62 64
2 4 6 8 10 12 14 16 18 20 22 24 26 28 30 32 34 35 38 39 42 44 46 48 50 52 54 56 58 60 62 64
2 4 6 8 10 12 14 16 18 20 22 24 26 28 30 32 34 36 37 39 42 44 46 48 50 52 54 56 58 60 62 64
2 4 6 8 10 12 14 16 18 20 22 24 26 28 30 32 33 35 38 39 42 44 46 47 50 52 54 56 58 60 62 64
2 4 6 8 10 12 14 16 18 20 22 24 26 28 30 32 34 36 37 39 42 44 46 48 50 52 54 56 58 60 62 64
2 4 6 8 10 12 14 16 18 20 22 24 26 28 30 32 34 35 38 39 42 44 46 48 50 52 54 56 58 60 62 64
2 4 6 8 10 12 14 16 18 20 22 24 26 28 30 32 34 36 37 39 42 44 46 48 50 52 54 56 58 60 62 64
2 4 6 8 10 12 14 16 18 20 22 24 26 28 30 32 34 35 38 39 42 44 46 48 50 52 54 56 58 60 62 64
2 4 6 8 10 12 14 16 18 20 22 24 26 28 30 32 34 36 37 39 42 44 46 48 50 52 54 56 58 60 62 64
2 4 6 8 10 12 14 16 18 20 22 24 26 28 30 32 34 35 38 39 42 44 46 48 50 52 54 56 58 60 62 64
2 4 6 8 10 12 14 16 18 20 22 24 26 28 30 32 34 36 37 39 42 44 46 48 50 52 54 56 58 60 62 64
2 4 6 8 10 12 14 16 18 20 22 24 26 28 30 32 34 36 37 39 42 44 46 48 50 52 54 56 58 60 62 64
2 4 6 8 10 12 14 16 18 20 22 24 26 28 30 32 34 36 38 39 42 44 46 48 50 52 54 56 58 60 62 64
2 4 6 8 10 12 14 16 18 20 22 24 26 28 30 32 34 35 38 39 42 44 46 48 50 52 54 56 58 60 62 64
2 4 6 8 10 12 14 16 18 20 22 24 26 28 30 32 34 35 38 39 42 44 46 48 50 52 54 56 58 60 62 64
2 4 6 8 10 12 14 16 18 20 22 24 26 28 30 32 34 36 37 39 42 44 46 48 50 52 54 56 58 60 62 64
2 4 6 8 10 12 14 16 18 20 22 24 26 28 30 32 34 35 38 39 42 44 46 48 50 52 54 56 58 60 62 64
2 4 6 8 10 12 14 16 18 20 22 24 26 28 30 32 34 35 38 39 42 44 46 48 50 52 54 56 58 60 62 64
2 4 6 8 10 12 14 16 18 20 22 24 26 28 30 32 34 35 38 39 42 44 46 48 50 52 54 56 58 60 62 64
2 4 6 8 10 12 14 16 17 20 22 24 26 28 30 32 34 35 38 39 42 44 46 48 50 52 54 56 58 60 62 64
2 4 6 8 10 12 14 16 18 20 22 24 26 28 30 32 34 36 37 39 42 44 46 48 50 52 54 56 58 60 62 64
2 4 6 8 10 12 14 16 18 20 22 24 26 28 30 32 34 36 37 39 42 44 46 48 50 52 54 56 58 60 62 64
2 4 6 8 10 12 14 16 18 20 22 24 26 28 30 32 34 35 38 39 42 44 46 48 50 52 54 56 58 60 62 64
2 4 6 8 10 12 14 16 18 20 22 24 26 28 30 32 34 35 38 39 42 44 46 48 50 52 54 56 58 60 62 64
2 4 6 8 10 12 14 16 18 20 22 24 26 28 30 32 34 35 38 39 42 44 46 48 50 52 54 56 58 60 62 64
2 4 6 8 10 12 14 16 18 20 22 24 26 28 30 32 34 35 38 39 42 44 46 48 50 52 54 56 58 60 62 64
2 4 6 8 10 12 14 16 18 20 22 24 26 28 30 32 34 35 38 39 42 44 46 48 50 52 54 56 58 60 62 64
2 4 6 8 10 12 14 16 18 20 22 24 26 28 30 32 34 36 37 39 42 44 46 47 50 52 54 56 58 60 62 64
2 4 6 8 10 12 14 16 18 20 22 24 26 28 30 32 34 35 38 39 42 44 46 48 50 51 54 56 58 60 62 64
2 4 6 8 10 12 14 16 18 20 22 24 26 28 30 32 34 35 38 39 42 44 46 48 50 52 54 56 58 60 62 64
2 4 6 8 10 12 14 16 18 20 22 24 26 28 30 32 34 36 37 39 42 44 46 47 50 51 54 56 58 60 62 64
2 4 6 8 10 12 14 16 18 20 22 24 26 28 30 32 33 35 38 39 42 44 46 47 50 52 54 56 58 60 62 64
2 4 6 8 10 12 14 16 18 20 22 24 26 28 30 32 34 35 38 39 42 44 46 48 50 52 54 56 58 60 62 64
2 4 6 8 10 12 14 16 18 20 22 24 26 28 30 32 34 36 38 39 42 44 46 48 50 52 54 56 58 60 62 64
2 4 6 8 10 12 14 16 18 20 22 24 26 28 30 32 34 35 37 40 42 44 46 48 50 52 54 56 58 60 62 64
2 4 6 8 10 12 14 16 18 20 22 24 26 28 30 32 34 36 37 39 42 44 46 48 50 52 54 56 58 60 62 64
2 4 6 8 10 12 14 16 18 20 22 24 26 28 30 32 34 36 37 39 42 44 46 48 50 52 54 56 58 60 62 64
2 4 6 8 10 12 14 16 18 20 22 24 26 28 30 32 34 35 37 39 42 44 46 48 50 52 54 56 58 60 62 64
2 4 6 8 10 12 14 16 18 20 22 24 26 28 30 32 34 36 38 39 42 44 46 48 50 52 54 56 58 60 62 64
2 4 6 8 10 12 14 16 18 20 22 24 26 28 30 32 34 35 38 39 42 44 46 48 50 52 54 56 58 60 62 64
2 4 6 8 10 12 14 16 18 20 22 24 26 28 30 32 34 36 37 39 42 44 46 48 50 52 54 56 58 60 62 64
2 4 6 8 10 12 14 16 18 20 22 24 26 28 30 32 34 36 37 39 42 44 46 48 50 52 54 56 58 60 62 64
2 4 6 8 10 12 14 16 18 20 22 24 26 28 30 32 33 35 38 39 42 44 46 47 50 52 54 56 58 60 62 64
2 4 6 8 10 12 14 16 18 20 22 24 26 28 30 32 34 36 37 39 42 44 46 48 50 52 54 56 58 60 62 64
2 4 6 8 10 12 14 16 18 20 22 24 26 28 30 32 34 36 37 39 42 44 46 48 50 52 54 56 58 60 62 64
2 4 6 8 10 12 14 16 18 20 22 24 26 28 30 32 34 35 38 39 42 44 46 48 50 52 54 56 58 60 62 64
2 4 6 8 10 12 14 16 18 20 22 24 26 28 30 32 34 35 38 39 42 44 46 48 50 52 54 56 58 60 62 64
2 4 6 8 10 12 14 16 18 20 22 24 26 28 30 32 34 36 37 39 42 44 46 48 50 52 54 56 58 60 62 64
2 4 6 8 10 12 14 16 18 20 22 24 26 28 30 32 34 36 37 39 42 44 46 47 50 51 54 56 58 60 62 64
2 4 6 8 10 12 14 16 18 20 22 24 26 28 30 32 34 35 38 39 42 44 46 48 50 52 54 56 58 60 62 64
2 4 6 8 10 12 14 16 18 20 22 24 26 28 30 32 34 35 38 39 42 44 46 48 50 52 54 56 58 60 62 64
2 4 6 8 10 12 14 16 18 20 22 24 26 28 30 32 34 35 38 39 42 44 46 48 50 52 54 56 58 60 62 64
2 4 6 8 10 12 14 16 18 20 22 24 26 28 30 32 34 36 37 39 42 44 46 48 50 52 54 56 58 60 62 64
2 4 6 8 10 12 14 16 18 20 22 24 26 28 30 32 34 35 38 39 42 44 46 47 50 52 54 56 58 60 62 64
2 4 6 8 10 12 14 16 18 20 22 24 26 28 30 32 33 35 38 39 42 43 46 48 50 52 54 56 58 60 62 64
2 4 6 8 10 12 14 16 18 20 22 24 26 28 30 32 34 36 37 39 42 44 46 48 50 52 54 56 58 60 62 64
2 4 6 8 10 12 14 16 18 20 22 24 26 28 30 32 34 36 37 39 42 44 46 48 50 52 54 56 58 59 62 64
2 4 6 8 10 12 14 16 18 20 22 24 26 28 30 32 34 36 37 39 42 44 46 48 50 52 54 56 58 60 62 64
2 4 6 8 10 12 14 16 18 20 22 24 26 28 30 32 34 35 38 39 42 44 46 48 50 52 54 56 58 60 62 64
2 4 6 8 10 12 14 16 18 20 22 24 26 28 30 32 34 36 37 39 42 44 46 48 50 52 54 56 58 60 62 64
2 4 6 8 10 12 14 16 18 20 22 24 26 28 30 32 34 36 37 39 42 44 46 48 50 52 54 56 58 60 61 64
2 4 6 8 10 12 14 16 18 20 22 24 26 28 30 32 34 35 38 39 42 44 46 48 50 52 54 56 58 60 62 64
2 4 6 8 10 12 14 16 18 20 22 24 26 28 30 32 34 35 38 39 42 44 46 48 50 52 54 56 58 60 62 64
2 4 6 8 10 12 14 16 18 20 22 24 26 28 30 32 34 36 37 39 42 44 46 48 50 52 54 56 58 60 62 64
2 4 6 8 10 12 14 16 18 20 22 24 26 28 30 32 34 36 37 39 42 44 46 48 50 52 54 56 58 60 62 64
2 4 6 8 10 12 14 16 18 20 22 24 26 28 30 32 34 36 37 39 42 44 46 48 50 52 54 56 58 60 62 64
2 4 6 8 10 12 14 16 18 20 22 24 26 28 30 32 34 36 37 39 42 44 46 48 50 52 54 56 58 60 62 64
2 4 6 8 10 12 14 16 18 20 22 24 26 28 30 32 34 36 37 39 42 44 46 47 50 51 54 56 58 60 62 64
2 4 6 8 10 12 14 16 18 20 22 24 26 28 30 32 34 35 38 39 42 44 46 48 50 52 54 56 58 60 62 64
2 4 6 8 10 12 14 16 18 20 22 24 26 28 30 32 34 36 37 39 42 44 46 48 50 52 54 56 58 60 62 64
2 4 6 8 10 12 14 16 18 20 22 24 26 28 30 32 34 35 38 39 42 44 46 47 50 52 54 56 58 60 62 64
2 4 6 8 10 12 14 16 18 20 22 24 26 28 30 32 33 35 38 39 42 44 46 47 50 52 54 56 58 60 62 64
2 4 6 8 10 12 14 16 18 20 22 24 26 28 30 32 34 35 38 39 42 44 46 48 50 52 54 56 58 60 62 64
2 4 6 8 10 12 14 16 18 20 22 24 26 28 30 32 34 36 37 39 42 44 46 48 50 52 54 56 58 60 62 64
2 4 6 8 10 12 14 16 18 20 22 24 26 28 29 32 34 36 37 39 42 44 46 48 50 52 54 56 58 60 62 64
2 4 6 8 10 12 14 16 18 20 22 24 26 28 30 32 34 36 38 39 42 44 46 48 50 52 54 56 58 60 62 64
2 4 6 8 10 12 14 16 18 20 22 24 26 28 30 32 34 36 38 39 42 44 46 48 50 52 54 56 58 60 62 64
2 4 6 8 10 12 14 16 18 20 22 24 26 28 30 32 34 36 37 39 42 44 46 48 50 52 54 56 58 60 62 64
2 4 6 8 10 12 14 16 18 20 22 24 26 28 30 32 34 35 38 39 42 44 46 48 50 52 54 56 58 60 62 64
2 4 6 8 10 12 14 16 18 20 22 24 26 28 30 32 34 36 37 39 42 44 46 48 50 52 54 55 58 60 62 64
2 4 6 8 10 12 14 16 18 20 22 24 26 28 30 32 34 36 37 39 42 44 46 48 50 52 54 56 58 60 62 64
2 4 6 8 10 12 14 16 18 20 22 24 26 28 30 32 34 35 38 39 42 44 46 47 50 52 54 56 58 60 62 64
2 4 6 8 10 12 14 16 18 20 22 24 26 28 30 32 33 35 38 39 42 44 46 47 50 52 54 56 58 60 62 64
2 4 6 8 10 12 14 16 18 20 22 24 26 28 30 32 34 35 38 39 42 44 46 48 50 52 54 56 58 60 62 64
2 4 6 8 10 12 14 16 18 20 22 24 26 28 30 32 34 35 38 39 42 44 46 48 50 52 54 56 58 60 62 64
2 4 6 8 10 12 14 16 18 20 22 24 26 28 30 32 33 35 38 39 42 44 46 47 50 52 54 56 58 60 62 64
2 4 6 8 10 12 14 16 18 20 22 24 26 28 30 32 34 35 38 39 42 44 46 47 50 52 54 56 58 60 62 64
2 4 6 8 10 12 14 16 18 20 22 24 26 28 30 32 34 35 37 40 42 44 46 48 50 52 54 56 58 60 62 64
2 4 6 8 10 12 14 16 18 20 22 24 26 28 30 32 33 35 38 39 42 44 46 47 50 52 54 56 58 60 62 64
2 4 6 8 10 12 14 16 18 20 22 24 26 28 30 32 34 35 38 39 42 44 46 48 50 52 54 56 58 60 62 64
2 4 6 8 10 12 14 16 18 20 22 24 26 28 29 31 34 36 37 39 42 44 46 48 50 52 54 56 58 60 62 64
2 4 6 8 10 12 14 16 18 20 22 24 26 28 30 32 34 36 37 39 42 44 46 48 50 52 54 56 58 60 62 64
2 4 6 8 10 12 14 16 18 20 22 24 26 28 30 32 33 35 38 39 42 44 46 47 50 52 54 56 58 60 62 64
2 4 6 8 10 12 14 15 18 20 22 24 26 28 30 32 34 36 37 39 42 44 46 48 50 52 54 56 58 60 62 64
2 4 6 8 10 12 14 16 18 20 22 24 26 28 30 32 34 35 38 39 42 44 46 48 50 52 54 56 58 60 62 64
2 4 6 8 10 12 14 16 18 20 22 24 26 28 30 32 34 35 38 39 42 44 46 48 50 52 54 56 58 60 62 64
2 4 6 8 10 12 14 16 18 20 22 24 26 28 30 32 33 35 38 39 42 44 46 47 50 52 54 56 58 60 62 64
2 4 6 8 10 12 14 16 18 20 22 24 26 28 30 32 34 36 37 39 41 43 46 48 50 52 54 56 58 60 62 64
2 4 6 8 10 12 14 16 18 20 22 24 26 28 30 32 34 35 38 39 42 44 46 47 50 52 54 56 58 60 62 64
2 4 6 8 10 12 14 16 18 20 22 24 26 28 30 32 34 35 38 39 42 44 46 48 50 52 54 56 58 60 62 64
2 4 6 8 10 12 14 16 18 20 22 24 26 28 30 32 34 35 38 39 42 44 46 48 50 52 54 56 58 60 62 64
2 4 6 8 10 12 14 16 18 20 22 24 26 28 30 32 34 35 38 39 42 44 46 48 50 52 54 56 58 60 62 64
2 4 6 8 10 12 14 16 18 20 22 24 26 28 30 32 34 36 38 39 42 44 46 48 50 52 54 56 58 60 62 64
2 4 6 8 10 12 14 16 18 20 22 24 26 28 30 32 34 35 38 39 42 44 46 48 50 52 54 56 58 60 62 64
2 4 6 8 10 12 14 16 18 20 22 24 26 28 30 32 34 36 37 39 42 44 46 48 50 52 54 56 58 60 62 64
2 4 6 8 10 12 14 16 18 20 22 24 26 28 30 32 34 36 38 39 42 44 46 48 50 52 54 56 58 60 62 64
2 4 6 8 10 12 14 16 18 20 22 24 26 28 30 32 34 36 38 39 42 44 46 48 50 52 54 56 58 60 62 64
2 4 6 8 10 12 14 16 18 20 22 24 26 28 30 32 34 36 37 39 42 44 46 48 50 52 54 56 58 60 62 64
2 4 6 8 10 12 14 16 18 20 22 24 26 28 30 32 34 35 38 39 42 44 46 48 50 52 54 56 58 60 62 64
2 4 6 8 10 12 14 16 18 20 22 24 26 28 30 32 34 35 38 39 42 44 46 48 50 52 54 56 58 60 62 64
2 4 6 8 10 12 14 16 18 20 22 24 26 28 30 32 34 35 38 39 42 44 46 48 50 52 54 56 58 60 62 64
2 4 6 8 10 12 14 16 18 20 22 24 26 28 30 32 34 35 37 40 42 44 46 48 50 52 54 56 58 60 62 64
2 4 6 8 10 12 14 16 18 20 22 24 26 28 30 32 34 35 38 39 42 44 46 48 50 52 54 56 58 60 62 64
2 4 6 8 10 12 14 16 18 20 22 24 26 28 30 32 34 36 37 39 42 44 46 48 50 52 54 56 58 60 62 64
2 4 6 8 10 12 14 16 18 20 22 24 26 28 30 32 34 36 37 39 42 44 46 47 50 52 54 56 58 60 62 64
2 4 6 8 10 12 14 16 18 20 22 24 26 28 30 32 34 35 38 39 42 44 46 48 50 52 54 56 58 60 62 64
2 4 6 8 10 12 14 16 18 20 22 24 26 28 30 32 33 35 38 39 42 44 46 47 50 52 54 56 58 60 62 64
2 4 6 8 10 12 14 16 18 20 22 24 26 28 30 32 34 36 37 39 42 44 46 48 50 52 54 56 58 60 62 64
2 4 6 8 9 12 14 16 18 20 22 24 26 28 30 32 34 36 37 39 42 44 46 48 50 52 54 56 58 60 62 64
2 4 6 8 10 12 14 16 18 20 22 24 26 28 30 32 34 35 38 39 42 44 46 48 50 52 54 56 58 60 62 64
2 4 6 8 10 12 14 16 18 20 22 24 26 28 30 32 34 36 38 39 42 44 46 48 50 52 54 56 58 60 62 64
2 4 6 8 10 12 14 16 18 20 22 24 26 28 30 32 34 36 37 39 42 44 46 48 50 52 54 56 58 60 62 64
2 4 6 8 10 12 14 16 18 20 22 24 26 28 30 32 34 35 38 39 42 44 46 48 50 52 54 56 58 60 62 64
2 4 6 8 10 12 14 16 18 20 22 24 26 28 30 32 34 35 38 39 42 44 46 48 50 52 54 56 58 60 62 64
2 4 6 8 10 12 14 16 18 20 22 24 26 28 30 32 34 36 37 39 42 44 46 48 50 52 54 56 58 60 62 64
2 4 6 8 10 12 14 16 18 20 22 24 26 28 30 32 34 35 38 39 42 44 46 48 50 52 54 56 58 60 62 64
2 4 6 8 10 12 14 16 18 20 22 24 26 28 30 32 34 36 38 39 42 44 46 48 50 52 54 56 58 60 62 64
2 4 6 8 10 12 14 16 18 20 22 24 26 28 30 32 34 35 38 39 42 44 46 48 50 52 54 56 58 60 62 64
2 4 6 8 10 12 14 16 18 20 22 24 26 28 30 32 34 35 38 39 42 44 46 48 50 52 54 56 58 60 62 64
2 4 6 8 10 12 14 16 18 20 22 24 26 28 30 32 34 35 38 39 42 44 46 48 50 52 54 56 58 60 62 64
2 4 6 8 10 12 14 16 18 20 22 24 26 28 30 32 34 35 38 39 42 44 46 48 50 52 54 56 58 60 62 64
2 4 6 8 10 12 14 16 18 20 22 24 26 28 30 32 34 35 38 39 42 44 46 48 50 52 54 56 58 60 62 64
2 4 6 8 10 12 14 16 18 20 22 24 26 28 30 32 33 35 38 39 42 44 46 47 50 52 54 56 58 60 62 64
2 4 6 8 10 12 14 16 18 20 22 24 26 28 30 32 34 35 38 39 42 44 46 48 50 52 54 56 58 60 62 64
2 4 6 8 10 12 14 16 18 20 22 24 26 28 30 32 34 36 37 39 42 44 46 48 50 52 54 56 58 60 62 64
2 4 6 8 10 12 14 16 18 20 22 24 26 28 30 32 34 36 37 39 42 44 46 48 50 52 54 56 58 60 62 64
2 4 6 8 10 12 14 16 18 20 22 24 26 28 30 32 33 35 38 39 42 44 46 47 50 52 54 56 58 60 62 64
2 4 6 8 10 12 14 16 18 20 22 24 26 28 30 32 33 35 38 39 42 44 46 47 50 52 54 56 58 60 62 64
2 4 6 8 10 12 14 16 18 20 22 24 26 28 30 32 33 35 38 39 42 44 46 47 50 52 54 56 58 60 62 64
2 4 6 8 10 12 14 16 18 20 22 24 26 28 30 32 34 35 38 39 42 44 46 48 50 52 54 56 58 60 62 64
2 4 6 8 10 12 14 16 18 20 22 24 26 28 30 32 33 35 38 39 42 44 46 47 50 52 54 56 58 60 62 64
2 4 6 8 10 12 14 16 18 20 22 24 26 28 30 32 34 35 38 39 42 44 46 48 50 52 54 56 58 60 62 64
2 4 6 8 10 12 14 16 18 20 22 24 26 28 30 32 34 35 38 39 42 44 46 47 50 52 54 56 58 60 62 64
2 4 6 8 10 12 14 16 18 20 22 24 26 28 30 32 34 36 37 39 42 44 46 48 50 52 54 56 58 60 62 64
2 4 6 8 10 12 14 16 18 20 22 24 26 28 30 32 33 35 38 39 42 44 46 47 50 52 54 56 58 60 62 64
2 4 6 8 10 12 14 16 18 20 22 24 26 28 30 32 34 36 37 39 42 44 46 48 50 52 53 56 58 60 62 64
2 4 6 8 10 12 14 16 18 20 22 24 26 28 30 32 34 36 38 39 42 44 46 48 50 52 54 56 58 60 62 64
2 4 6 8 10 12 14 16 18 20 22 24 26 28 30 32 34 36 37 39 42 44 46 48 50 52 54 56 58 60 62 64
2 4 6 8 10 12 14 16 18 20 22 24 26 28 30 32 33 35 38 39 42 44 46 47 50 52 54 56 58 60 62 64
2 4 6 8 10 12 14 16 18 20 22 24 26 28 30 32 34 36 37 39 42 44 46 48 50 52 54 56 58 60 62 64
2 4 6 8 10 12 14 16 18 20 22 24 26 28 30 32 34 36 37 39 42 44 46 47 50 52 54 56 58 60 62 64
2 4 6 8 10 12 14 16 18 20 22 24 26 28 30 32 34 35 38 39 42 44 46 48 50 52 54 56 58 60 62 64
2 4 6 8 10 12 14 16 18 20 22 24 26 28 30 32 34 36 38 39 42 44 46 48 50 52 54 56 58 60 62 64
2 4 6 8 10 12 14 16 18 20 22 24 26 28 30 32 34 36 37 39 42 44 46 48 50 52 54 56 58 60 62 64
2 4 6 8 10 12 14 15 18 20 22 24 26 28 30 32 34 36 38 39 42 44 46 48 50 52 54 56 58 60 62 64
2 4 6 8 10 12 14 16 18 20 22 24 26 28 30 32 33 35 38 39 42 44 46 47 50 52 54 56 58 60 62 64
2 4 6 8 10 12 14 16 18 20 22 24 26 28 30 32 34 35 38 40 42 44 46 48 50 52 54 56 58 60 62 64
2 4 6 8 10 12 14 16 18 20 22 24 26 28 30 32 34 36 38 39 42 44 46 48 50 52 54 56 58 60 62 64
2 4 6 8 10 12 14 16 18 20 22 24 26 28 30 32 34 35 38 39 42 44 46 48 50 52 54 56 58 60 61 64
2 4 6 8 10 12 14 16 18 20 22 24 26 28 30 32 34 36 37 39 41 43 46 48 50 52 54 56 58 60 62 64
2 4 6 8 10 12 14 16 18 20 22 24 26 28 30 32 34 35 37 40 42 44 46 48 50 52 54 56 58 60 62 64
2 4 6 8 10 12 14 16 18 20 22 24 26 28 30 32 34 36 37 39 42 44 46 48 50 52 54 56 58 60 62 64
2 4 6 8 10 12 14 16 18 20 22 24 26 28 30 32 34 35 37 40 42 44 46 48 50 52 54 56 58 60 62 64
2 4 6 8 10 12 14 16 18 20 22 24 26 28 30 32 34 35 38 39 42 44 46 48 50 52 54 56 58 60 62 64
2 4 6 8 10 12 14 16 18 20 22 24 26 28 30 32 34 36 37 39 42 44 46 48 50 52 54 56 58 60 62 64
2 4 6 8 10 12 14 16 18 20 22 24 26 28 30 32 34 35 38 39 42 44 46 48 50 52 54 56 58 60 62 64
2 4 6 8 10 12 14 16 18 20 22 24 26 28 30 32 33 35 38 39 42 44 46 47 50 52 54 56 58 60 62 64
2 4 6 8 10 12 14 16 18 20 22 24 26 28 30 32 33 35 38 39 42 44 46 47 50 52 54 56 58 60 62 64
2 4 6 8 10 12 14 16 18 20 22 24 26 28 30 32 34 36 38 39 42 44 46 48 50 52 54 56 58 60 62 64
2 4 6 8 10 12 14 16 18 20 22 24 26 28 30 32 34 36 37 39 42 44 46 47 50 52 54 56 58 60 62 64
2 4 6 8 10 12 14 16 18 20 22 24 26 28 30 32 34 35 38 39 42 44 46 48 50 52 54 56 58 60 62 64
2 4 6 8 10 12 14 16 18 20 22 24 26 28 30 32 34 35 38 39 42 44 46 48 50 52 54 56 58 60 62 64
2 4 6 8 10 12 14 16 18 19 22 24 26 28 30 32 34 35 38 39 42 44 46 47 50 52 54 56 58 60 62 64
2 4 6 8 10 12 14 16 18 20 22 24 26 28 30 31 34 36 37 39 42 44 46 48 50 52 54 56 58 60 62 64
2 4 6 8 10 12 14 16 18 20 21 24 26 28 30 32 34 35 38 39 42 44 46 48 50 52 54 56 58 60 62 64
2 4 6 8 10 12 14 16 18 20 22 24 26 28 30 32 34 35 38 39 42 44 46 48 50 52 54 56 58 60 62 64
2 4 6 8 10 12 14 16 18 20 22 24 26 28 30 32 34 36 38 39 42 44 46 48 50 52 54 56 58 60 62 64
2 4 6 8 10 12 14 16 18 20 22 24 26 28 30 32 34 35 38 39 42 44 46 48 50 52 54 56 58 60 62 64
2 4 6 8 10 12 14 16 18 20 22 24 26 28 30 32 34 36 38 39 42 44 46 48 50 52 54 56 58 60 62 64
2 4 6 8 10 12 14 16 18 20 22 24 26 28 30 32 33 35 38 39 42 44 46 48 50 52 54 56 58 60 62 64
2 4 6 8 10 12 14 16 18 20 22 24 26 28 30 32 34 35 38 39 42 44 46 47 50 52 54 56 58 60 62 64
2 4 6 8 10 12 14 16 18 20 22 24 26 28 30 32 34 35 38 39 42 44 46 48 50 52 54 56 58 60 62 64
2 4 6 8 10 12 14 16 18 20 22 24 26 28 30 32 34 35 38 39 42 44 46 48 50 52 54 56 58 60 62 64
2 4 6 8 10 12 14 16 18 20 22 24 26 28 30 32 34 36 37 39 42 44 46 48 50 52 54 56 58 60 62 64
2 4 6 8 10 12 14 16 18 20 22 24 26 28 30 32 34 35 38 39 42 44 46 48 50 52 54 56 58 60 62 64
2 4 6 8 10 12 14 16 18 20 22 24 26 28 30 32 34 35 37 40 42 44 46 48 50 52 54 56 58 60 62 64
2 4 6 8 10 12 14 16 18 20 22 24 26 28 30 32 33 35 38 39 42 44 46 48 50 52 54 56 58 60 62 64
2 4 6 8 10 12 14 16 18 20 22 24 26 28 30 32 34 35 37 40 42 44 46 48 50 52 54 56 58 60 62 64
2 4 6 8 10 12 14 16 18 20 22 24 26 28 30 32 34 35 38 39 42 44 46 48 50 52 54 56 58 60 62 64
2 4 6 8 10 12 14 16 18 20 22 24 26 28 30 32 34 36 37 39 42 44 46 48 50 52 54 56 58 60 62 64
2 4 6 8 10 12 14 16 18 20 22 24 26 28 30 32 34 36 37 39 41 43 46 48 50 52 54 56 58 60 62 64
2 4 6 8 10 12 14 16 18 20 22 24 26 28 30 32 34 36 37 39 42 44 46 48 50 52 54 56 58 60 62 64
2 4 6 8 10 12 14 16 18 20 22 24 26 28 30 32 34 35 38 39 42 44 46 48 50 52 54 56 58 60 62 64
2 4 6 8 10 12 14 16 18 20 22 24 26 28 30 32 34 36 37 39 41 43 46 48 50 52 54 56 58 60 62 64
2 4 6 8 10 12 14 16 18 20 22 24 26 28 30 32 34 36 38 39 42 44 46 48 50 52 54 56 58 60 62 64
2 4 6 8 10 12 14 16 18 20 22 24 26 28 30 32 34 35 38 39 42 44 46 48 50 52 54 56 58 60 62 64
2 4 6 8 10 12 14 16 18 20 22 24 26 28 30 32 34 35 38 39 42 44 46 48 50 52 54 56 58 60 62 64
2 4 6 8 10 12 14 16 18 20 22 24 26 28 30 32 34 36 38 39 42 44 46 48 50 52 54 56 58 60 62 64
2 4 6 8 10 12 14 16 18 20 22 24 26 28 30 32 34 35 38 39 42 44 46 48 50 52 54 56 58 60 62 64
2 4 6 8 10 12 14 16 18 20 22 24 26 28 30 32 34 36 37 39 42 44 46 48 50 52 54 56 58 60 62 64
2 4 6 8 10 12 14 16 18 20 22 24 26 28 30 32 33 35 38 39 42 44 46 47 50 52 54 56 58 60 62 64
2 4 6 8 10 12 14 16 18 20 22 24 26 28 30 32 33 35 38 39 42 44 46 47 50 52 54 56 58 60 62 64
2 4 6 8 10 12 14 15 18 20 22 24 26 28 30 32 34 36 38 39 42 44 46 48 50 52 54 56 58 60 62 64
2 4 6 8 10 12 14 16 18 20 22 24 26 28 30 32 34 35 38 39 42 44 46 48 50 52 54 56 58 60 62 64
2 4 6 8 10 12 14 16 18 20 22 24 26 28 30 32 34 36 38 39 42 44 46 48 50 52 54 56 58 60 62 64
2 4 6 8 10 12 14 16 18 20 22 24 26 28 30 32 34 35 38 40 42 44 46 48 50 52 54 56 58 60 62 64
2 4 6 8 10 12 14 15 18 20 22 24 26 28 30 32 34 36 38 39 42 44 46 48 50 52 54 56 58 60 62 64
2 4 6 8 10 12 14 16 18 20 22 24 26 28 30 32 34 35 38 39 42 44 46 48 50 52 54 56 58 60 62 64
2 4 6 8 10 12 14 16 18 20 22 24 26 28 30 32 34 35 38 39 42 44 46 48 50 52 54 56 58 60 62 64
2 4 6 8 10 12 14 16 18 20 22 24 26 28 30 32 34 35 38 39 42 44 46 48 50 52 54 56 58 60 62 64
2 4 6 8 10 12 14 16 18 20 22 24 26 28 30 32 33 35 38 39 42 44 46 47 50 52 54 56 58 60 62 64
2 4 6 8 10 12 14 16 18 20 22 24 26 28 30 32 34 36 37 39 42 44 46 48 50 52 54 56 58 60 62 64
2 4 6 8 10 12 14 16 18 20 22 24 26 28 30 32 34 36 37 39 42 44 46 48 50 52 54 56 58 60 62 64
2 4 6 8 10 12 14 16 18 20 22 24 26 28 30 32 34 36 37 39 42 44 46 48 50 52 54 56 58 60 62 64
2 4 6 8 10 12 14 16 18 20 22 24 26 28 30 32 34 35 38 39 42 44 46 48 50 52 54 56 58 60 62 64
2 4 6 8 10 12 14 16 18 19 22 24 26 28 30 32 34 36 37 39 42 44 46 48 50 52 54 56 58 60 62 64
2 4 6 8 10 12 14 16 18 20 22 24 26 28 30 32 34 35 38 39 42 44 46 48 50 52 54 56 58 60 62 64
2 4 6 8 10 12 14 16 18 20 22 24 26 28 30 32 34 36 37 39 42 44 46 48 50 52 54 56 57 60 62 64
2 4 6 8 10 12 14 16 18 20 22 24 26 28 30 32 34 35 38 39 42 44 46 48 50 52 54 56 58 60 62 64
2 4 6 8 10 12 14 16 18 20 22 24 26 28 30 32 34 35 38 39 42 44 46 48 50 52 54 56 58 60 62 64
2 4 6 8 10 12 14 16 18 20 22 24 26 28 30 32 33 35 38 39 42 44 46 47 50 52 54 56 58 60 62 64
2 4 6 8 10 12 14 16 18 20 22 24 26 28 30 32 33 35 38 39 42 44 46 47 50 52 54 56 58 60 62 64
2 4 6 8 10 12 14 16 18 20 22 24 26 28 30 32 34 35 38 39 42 44 46 48 50 52 54 56 58 60 62 64
2 4 6 8 10 12 14 16 18 20 22 24 26 28 30 32 34 35 37 40 42 44 46 48 50 52 54 56 58 60 62 64
2 4 6 8 10 12 14 16 18 20 22 24 26 28 30 32 34 35 38 39 42 44 46 48 50 52 54 56 58 60 62 64
2 4 6 8 10 12 14 16 18 20 22 24 26 28 30 32 34 35 38 39 42 44 46 48 50 52 54 56 58 60 62 64
2 4 6 8 10 12 14 16 18 20 22 24 26 28 30 32 33 35 38 39 42 44 46 48 50 52 54 56 58 60 62 64
2 4 6 8 10 12 14 16 18 19 22 24 26 28 30 32 34 35 38 39 42 44 46 48 50 52 54 56 58 60 62 64
2 4 6 8 10 12 14 16 18 20 22 24 26 28 30 32 34 36 37 39 42 44 46 48 50 52 54 56 58 60 62 64
2 4 6 8 10 12 14 16 18 20 22 24 26 28 30 32 34 36 37 39 42 44 46 48 50 52 54 56 58 60 62 64
2 4 6 8 10 12 14 16 18 20 22 24 26 28 30 32 34 36 37 39 42 44 46 48 50 52 54 56 58 60 62 64
2 4 6 8 10 12 14 16 18 20 22 24 26 28 30 32 34 36 38 39 42 44 46 48 50 52 54 56 58 60 62 64
2 4 6 8 10 12 14 16 18 20 22 24 26 28 30 32 34 35 38 39 42 44 46 48 50 52 54 56 58 60 62 64
2 4 6 8 10 12 14 16 18 20 22 24 26 28 30 32 34 35 38 39 42 44 46 48 50 52 54 56 58 60 62 64
2 4 6 8 10 12 14 16 18 20 22 24 26 28 30 32 34 36 37 39 42 44 46 48 50 52 54 56 58 60 62 64
2 4 6 8 10 12 14 16 18 20 22 24 26 28 30 32 34 35 38 39 42 44 46 48 50 52 54 56 58 60 62 64
2 4 6 8 10 12 14 16 18 20 22 24 26 28 30 32 34 36 37 39 42 44 46 48 50 52 54 56 58 60 62 64
2 4 6 8 10 12 14 16 17 20 22 24 26 28 30 32 34 35 38 39 42 44 46 48 50 52 54 56 58 60 62 64
2 4 6 8 10 12 14 16 18 20 22 24 26 28 30 32 34 35 38 39 42 44 46 48 50 52 54 56 58 60 62 64
2 4 6 8 10 12 14 16 18 20 22 24 26 28 30 32 34 36 37 39 42 44 46 48 50 52 54 56 58 60 62 64
2 4 6 8 10 12 14 16 18 20 22 24 26 28 30 32 34 36 37 39 42 44 46 48 50 52 54 56 58 60 62 64
2 4 6 8 10 12 14 16 18 20 22 24 26 28 30 32 34 35 38 39 42 44 46 48 50 52 54 56 58 60 62 64
2 4 6 8 10 12 14 16 18 20 22 24 26 28 30 32 34 36 38 39 42 44 46 48 50 52 54 56 58 60 62 64
2 4 6 8 10 12 14 16 18 20 22 24 26 28 30 32 34 36 37 39 42 44 46 48 50 52 54 56 57 60 62 64
2 4 6 8 10 12 14 16 18 20 22 24 26 28 30 32 34 35 38 39 42 44 46 48 50 52 54 56 58 60 62 64
2 4 6 8 10 12 14 16 18 20 22 24 26 28 30 32 34 35 38 39 42 44 46 48 50 52 54 56 58 60 62 64
2 4 6 8 10 12 14 16 18 20 22 24 26 28 30 32 34 36 37 39 42 44 46 48 50 52 54 56 58 60 62 64
2 4 6 8 10 12 14 16 18 20 22 24 26 28 30 32 34 35 38 39 42 44 46 48 50 52 54 56 58 60 62 64
2 4 6 8 10 12 14 16 18 20 22 24 26 28 30 32 33 35 38 39 42 44 46 47 50 52 54 56 58 60 62 64
2 4 6 8 10 12 14 16 18 20 22 24 26 28 30 32 34 35 38 39 42 44 46 48 50 52 54 56 58 60 62 64
2 4 6 8 10 12 14 16 18 20 22 24 26 28 30 32 34 35 38 39 42 44 46 48 50 52 54 56 58 60 62 64
2 4 6 8 10 12 14 16 18 20 22 24 26 28 30 32 34 35 38 40 42 44 46 48 50 52 54 56 58 60 62 64
2 4 6 8 10 12 14 16 18 20 22 24 26 28 30 32 34 35 37 40 42 44 46 48 50 52 54 56 58 60 62 64
2 4 6 8 10 12 14 16 18 20 22 24 26 28 30 32 34 35 38 39 42 44 46 48 50 52 54 56 57 60 62 64
2 4 6 8 10 12 14 16 18 20 22 24 26 28 30 32 34 36 37 39 42 44 46 48 50 52 54 56 58 60 62 64
2 4 6 8 10 12 14 16 18 20 22 24 26 28 30 32 33 35 38 39 42 44 46 47 50 52 54 56 58 60 62 64
2 4 6 8 10 12 14 16 18 20 22 24 26 28 30 32 34 36 37 39 42 44 46 48 50 52 54 56 58 60 62 64
2 4 6 8 10 12 14 16 18 20 22 24 26 28 30 32 34 36 37 39 42 44 46 48 50 52 54 56 58 60 62 64
2 4 6 8 10 12 14 16 18 20 22 24 26 28 30 32 34 35 38 39 42 44 46 48 50 52 54 56 58 60 62 64
2 4 6 8 10 12 14 16 18 20 22 24 26 28 30 32 34 35 38 40 42 44 46 48 50 52 54 56 58 60 62 64
2 4 6 8 10 12 14 16 18 20 22 24 26 28 30 32 34 35 38 39 42 44 46 48 50 52 54 56 58 60 62 64
2 4 6 8 10 12 14 16 18 20 22 24 26 28 30 32 33 35 38 39 42 44 46 47 50 52 54 56 58 60 62 64
1 4 6 8 10 12 14 16 18 20 22 24 26 28 30 32 34 35 38 39 42 44 46 48 50 52 54 56 58 60 62 64
2 4 6 8 10 12 14 16 18 20 22 24 26 28 30 32 34 35 38 39 42 44 46 48 50 52 54 56 58 60 62 64
2 4 6 8 10 12 14 16 18 20 22 24 26 28 30 32 34 35 38 39 42 44 46 48 50 52 54 56 58 60 62 64
2 4 6 8 10 12 14 16 18 20 22 24 26 28 30 32 34 36 37 39 42 44 46 48 50 52 54 56 57 60 62 64
2 4 6 8 10 12 14 16 18 20 22 24 26 28 30 32 34 35 38 39 42 44 46 48 50 52 54 56 58 60 62 64
2 4 6 8 10 12 14 16 18 20 22 24 26 28 30 32 33 35 38 39 42 44 46 48 50 52 54 56 58 60 62 64
2 4 6 8 10 12 14 15 18 20 22 24 26 28 30 32 34 35 38 39 42 44 46 48 50 52 54 56 58 60 62 64
2 4 6 8 10 12 14 16 18 20 22 24 26 28 30 32 34 35 38 39 42 44 46 48 50 52 54 56 58 60 62 64
2 4 6 8 10 12 14 16 18 20 22 24 26 28 30 32 34 35 37 40 42 44 46 48 50 52 54 56 58 60 62 64
2 4 6 8 10 12 14 16 18 20 22 24 26 28 30 32 33 35 38 39 42 44 46 48 50 52 54 56 58 60 62 64
2 4 6 8 10 12 14 16 18 20 22 24 26 28 30 32 34 35 38 39 42 44 46 48 50 52 54 56 58 60 62 64
2 4 6 8 10 12 14 16 18 20 22 24 26 28 30 32 34 35 38 39 42 44 46 48 50 52 54 56 58 60 62 64
2 4 6 8 10 12 14 16 18 20 22 24 26 28 30 32 33 35 38 39 42 44 46 48 50 52 54 56 58 60 62 64
2 4 6 8 10 12 14 16 18 20 22 24 26 28 30 32 34 35 38 39 42 44 46 48 50 52 54 56 58 60 62 64
2 4 6 8 10 12 14 16 18 20 22 24 26 28 30 32 34 36 38 39 42 44 46 48 50 52 54 56 58 60 62 64
2 4 6 8 10 12 14 16 18 20 22 24 26 28 30 32 34 36 38 39 42 44 46 48 50 52 54 56 58 60 62 64
2 4 6 8 10 12 14 16 18 20 22 24 26 28 30 32 34 35 37 40 42 44 46 48 50 52 54 56 58 60 62 64
2 4 6 8 10 12 14 16 18 20 22 24 26 28 30 32 34 36 37 39 42 44 46 48 50 52 54 56 58 60 62 64
2 4 6 8 10 12 14 16 18 20 22 24 26 28 30 32 34 36 38 39 42 44 46 48 50 52 54 56 58 60 62 64
2 4 6 8 10 12 14 16 18 20 22 24 26 28 30 32 33 35 38 39 42 44 46 47 50 52 54 56 58 60 62 64
2 4 6 8 10 12 14 16 18 20 22 24 26 28 30 32 34 35 37 40 42 44 46 48 50 52 54 56 58 60 62 64
2 4 6 8 10 12 14 16 18 20 22 24 26 28 30 32 34 35 38 39 42 44 46 48 50 52 54 56 58 60 62 64
2 4 6 8 10 12 14 16 18 20 22 24 26 28 30 32 34 35 38 39 42 44 46 48 50 52 54 56 58 60 62 64
2 4 6 8 10 12 14 16 18 20 22 24 26 28 30 32 34 36 37 39 42 44 46 48 50 52 54 56 58 60 62 64
2 4 6 8 10 12 14 16 18 20 22 24 26 28 30 32 34 36 37 39 42 44 46 48 50 52 54 56 57 60 62 64
2 4 6 8 10 12 14 16 18 20 22 24 26 28 30 32 34 36 38 39 42 44 46 48 50 52 54 56 58 60 62 64
2 4 6 8 10 12 14 16 18 20 22 24 26 28 30 32 34 35 38 39 42 44 46 48 50 52 54 56 58 60 62 64
2 4 6 8 10 12 14 16 18 20 22 24 26 28 30 32 34 36 37 39 42 44 46 48 50 52 54 56 58 60 62 64
2 4 6 8 10 12 14 16 18 20 22 24 26 28 30 32 33 35 38 39 42 44 46 47 50 52 54 56 58 60 62 64
2 4 6 8 10 12 14 16 18 20 22 24 26 28 30 32 34 35 38 39 42 44 46 48 50 52 54 56 58 60 62 64
2 4 6 8 10 12 14 16 18 20 22 24 26 28 30 32 34 36 37 39 42 44 46 48 50 52 54 56 58 60 62 64
2 4 6 8 10 12 14 16 18 20 22 24 26 28 30 32 34 35 38 39 42 44 46 48 50 52 54 56 58 60 61 64
2 4 6 8 10 12 14 16 18 20 22 24 26 28 30 32 34 35 38 39 42 44 46 48 50 52 54 56 58 60 62 64
2 4 6 8 10 12 14 16 18 20 22 24 26 28 30 32 34 35 38 39 42 44 46 47 50 52 54 56 58 60 62 64
2 4 6 8 10 12 14 16 18 20 22 24 26 28 30 32 34 36 37 39 42 44 46 48 50 52 54 56 58 60 62 64
2 4 6 8 10 12 14 16 18 20 22 24 26 28 30 32 34 36 37 39 42 44 46 48 50 52 54 56 58 60 62 64
2 4 6 8 10 12 14 16 18 20 22 24 26 28 30 32 33 35 38 39 42 44 46 48 50 52 54 56 58 60 62 64
2 4 6 8 10 12 14 16 18 20 22 24 26 28 30 32 34 36 37 39 42 44 46 48 50 52 54 56 58 60 62 64
2 4 6 8 10 12 14 16 18 20 22 24 26 28 30 32 34 36 37 39 42 44 46 48 50 52 54 56 58 60 62 64
2 4 6 8 10 12 14 16 18 20 22 24 26 28 30 32 34 35 38 39 42 44 46 48 50 52 54 56 58 60 62 64
1 4 6 8 10 12 14 16 18 20 22 24 26 28 30 31 34 36 37 39 42 44 46 48 50 52 54 56 58 60 62 64
2 4 6 8 10 12 14 16 18 20 22 24 26 28 30 32 34 35 38 39 42 44 46 48 50 52 54 56 58 60 62 64
2 4 6 8 10 12 14 16 18 20 21 24 26 28 30 32 34 35 38 39 42 44 46 48 50 52 54 56 58 60 62 64
2 4 6 8 10 12 14 16 18 20 22 24 26 28 30 32 34 35 37 40 42 44 46 48 50 52 54 56 58 60 62 64
2 4 6 8 10 12 14 16 18 20 22 24 26 28 30 32 34 35 38 39 42 44 46 48 50 52 54 56 58 60 62 64
2 4 6 8 10 12 14 16 18 20 22 24 26 28 30 32 34 35 38 39 42 44 46 48 50 52 54 56 58 60 62 64
2 4 6 8 10 12 14 16 18 20 22 24 26 28 30 32 34 35 38 39 42 44 46 48 50 52 54 56 58 60 62 64
2 4 6 8 10 12 14 16 18 20 22 24 26 28 30 32 34 35 38 39 42 44 46 48 50 52 54 56 58 60 62 64
2 4 6 8 10 12 14 16 18 20 22 24 26 28 30 32 34 35 38 39 42 44 46 48 50 52 54 56 58 60 62 64
2 4 6 8 10 12 14 16 18 20 22 24 26 28 30 32 34 36 38 39 42 44 46 48 50 52 54 56 58 60 62 64
2 4 6 8 10 12 14 16 18 20 22 24 26 28 30 32 34 36 37 39 42 44 46 48 50 52 54 56 58 60 62 64
2 4 6 8 10 12 14 16 18 20 22 24 26 28 30 32 34 35 38 40 42 44 46 48 50 52 54 56 58 60 62 64
2 4 6 8 10 12 14 16 18 20 22 24 26 28 30 32 34 36 37 39 42 44 46 48 50 52 54 56 58 60 62 64
2 4 6 8 10 12 14 16 18 20 22 24 26 28 30 32 34 36 37 39 42 44 46 48 50 52 54 56 58 60 62 64
2 4 6 8 10 12 14 16 18 20 22 24 26 28 30 32 34 35 38 39 42 44 46 48 50 52 54 56 58 60 62 64
2 4 6 8 10 12 14 16 18 20 22 24 26 28 30 32 34 35 38 39 42 44 46 48 50 52 54 56 58 60 62 64
2 4 6 8 10 12 14 16 18 20 22 24 26 28 30 32 33 35 38 39 42 44 46 48 50 52 54 56 58 60 62 64
2 4 6 8 10 12 14 16 18 20 22 24 26 28 30 32 34 36 37 39 42 44 46 48 50 52 54 56 58 60 62 64
2 4 6 8 10 12 14 16 18 20 22 24 26 28 30 32 34 35 38 39 42 44 46 48 50 52 54 56 58 60 62 64
2 4 6 8 10 12 14 16 18 20 22 24 26 28 30 32 34 35 38 39 42 44 46 48 50 52 54 56 58 60 62 64
2 4 6 8 10 12 14 16 18 20 22 24 26 28 30 32 34 35 38 39 42 44 46 48 50 52 54 56 58 60 62 64
2 4 6 8 10 12 14 16 18 20 22 24 26 28 30 32 34 35 38 39 42 44 46 48 50 52 54 56 58 60 62 64
2 4 6 8 10 12 14 16 18 20 22 24 26 28 30 32 34 35 38 39 42 44 46 48 50 52 54 56 57 60 62 64
2 4 6 8 10 12 14 16 18 20 22 24 26 28 30 32 34 36 37 39 42 44 46 48 50 52 54 56 58 60 62 64
2 4 6 8 10 12 14 16 18 20 22 24 26 28 30 32 34 36 38 39 42 44 46 48 50 52 54 56 58 60 62 64
2 4 6 8 10 12 14 16 18 20 22 24 26 28 30 32 34 36 37 39 42 44 46 48 50 52 54 56 57 60 62 64
2 4 6 8 10 12 14 16 18 20 22 24 26 28 30 32 34 35 37 40 42 44 46 48 50 52 54 56 58 60 62 64
2 4 6 8 10 12 14 16 18 20 22 24 26 28 30 32 34 35 38 39 42 44 46 48 50 52 54 56 58 60 62 64
2 4 6 8 10 12 14 16 18 20 22 24 26 28 30 32 34 36 37 39 42 44 46 48 50 52 54 56 58 60 62 64
2 4 6 8 10 12 14 16 18 20 22 24 26 28 30 32 34 35 38 39 42 44 46 48 50 52 54 56 58 60 62 64
2 4 6 8 9 12 14 16 18 20 22 24 26 28 30 32 34 36 37 39 42 44 46 48 50 52 54 56 58 60 62 64
2 4 6 8 10 12 14 16 18 20 22 24 26 28 30 32 33 35 38 39 42 44 46 48 50 52 54 56 58 60 62 64
2 4 6 8 10 12 14 16 18 20 22 24 26 28 30 32 34 36 37 39 42 44 46 47 50 52 54 56 58 60 62 64
2 4 6 8 10 12 14 16 18 20 22 24 26 28 30 32 34 36 37 39 42 44 46 48 50 52 54 56 58 60 62 64
2 4 6 8 10 12 14 16 18 20 22 24 26 28 30 32 34 35 38 39 42 44 46 48 50 52 54 56 58 60 62 64
2 4 6 8 10 12 14 16 18 20 22 24 26 28 30 32 33 35 38 39 42 44 46 47 50 52 54 56 58 60 62 64
2 4 6 8 10 12 14 16 18 20 22 24 26 28 30 32 34 36 37 39 42 44 46 48 50 52 54 56 58 60 62 64
2 4 6 8 10 12 14 16 18 20 22 24 26 28 30 32 33 35 38 39 42 44 46 48 50 52 54 56 58 60 62 64
2 4 6 8 10 12 14 16 18 20 22 24 26 28 30 32 34 36 37 39 42 44 46 48 50 52 54 56 58 60 62 64
2 4 6 8 10 12 14 16 18 20 22 24 26 28 30 32 34 35 38 39 42 44 46 48 50 52 54 56 58 60 62 64
2 4 6 8 10 12 14 16 18 20 22 24 26 28 30 32 34 35 38 39 42 44 46 48 50 52 54 56 58 60 62 64
2 4 6 8 10 12 14 16 18 20 22 24 26 28 30 32 34 36 37 39 42 44 46 48 50 52 54 56 58 60 62 64
2 4 6 8 10 12 14 16 18 20 22 24 26 28 30 32 34 35 38 39 42 44 46 48 50 52 54 56 58 60 62 64
2 4 6 8 10 12 14 16 18 20 22 24 26 28 30 32 34 35 38 39 42 44 46 48 50 52 54 56 58 60 62 64
2 4 6 8 10 12 14 16 18 20 22 24 26 28 30 32 34 35 38 39 42 44 46 48 50 52 54 56 58 60 62 64
2 4 6 8 10 12 14 16 18 20 22 24 26 28 30 32 33 35 38 39 42 44 46 48 50 52 54 56 58 60 62 64
2 4 6 8 10 12 14 16 18 20 21 24 26 28 30 32 34 35 38 39 42 44 46 48 50 52 54 56 58 60 62 64
2 4 6 8 10 12 14 16 18 20 22 24 26 28 30 32 34 35 38 39 42 44 46 48 50 52 54 56 58 60 62 64
2 4 6 8 10 12 14 16 18 20 22 24 26 28 30 32 33 35 38 39 42 44 46 48 50 52 54 56 58 60 62 64
2 4 6 8 10 12 14 16 18 20 22 24 26 28 30 32 34 35 38 39 42 44 46 48 50 52 54 56 58 60 62 64
2 4 6 8 10 12 14 16 18 20 22 24 26 28 30 32 34 35 38 39 42 44 46 48 50 52 54 56 58 60 62 64
2 4 6 8 10 12 14 16 18 20 22 24 26 28 30 32 34 35 38 39 42 44 46 47 50 52 54 56 58 60 62 64
2 4 6 8 10 12 14 16 18 20 22 24 26 28 30 32 34 35 38 39 42 44 46 48 50 52 54 56 58 60 62 64
2 4 6 8 10 12 14 16 18 20 22 24 26 28 30 32 34 35 38 39 42 44 46 48 50 52 54 56 58 60 62 64
2 4 6 8 10 12 14 16 18 20 22 24 26 28 30 32 34 35 38 39 42 44 46 48 50 52 54 56 58 60 62 64
2 4 6 8 10 12 14 16 18 20 21 24 26 28 30 32 34 35 38 39 42 44 46 48 50 52 54 56 58 60 62 64
2 4 6 8 10 12 14 16 18 20 22 24 26 28 30 32 34 35 38 39 42 44 46 48 50 52 54 56 58 60 62 64
2 4 6 8 10 12 14 16 18 20 22 24 26 28 30 32 34 35 38 39 42 44 46 47 50 52 54 56 58 60 62 64
2 4 6 8 10 12 14 16 18 20 22 24 26 28 30 32 34 35 37 40 42 44 46 48 50 52 54 56 58 60 62 64
2 4 6 8 10 12 14 16 18 20 22 24 26 28 30 32 33 35 38 39 42 44 46 48 50 52 54 56 58 60 62 64
2 4 6 8 10 12 14 16 18 20 22 24 26 28 30 32 34 36 37 39 42 44 46 48 50 52 54 56 58 60 62 64
2 4 6 8 10 12 14 16 18 20 22 24 26 28 30 32 34 35 38 39 42 44 46 48 50 52 54 56 58 60 62 64
2 4 6 8 10 12 14 16 18 20 22 24 26 28 30 32 34 35 38 39 42 44 46 48 50 52 54 56 58 60 62 64
2 4 6 8 10 12 14 16 18 20 22 24 26 28 30 32 34 36 38 39 42 44 46 48 50 52 54 56 58 60 62 64
2 4 6 8 10 12 14 16 18 20 22 24 26 28 30 32 33 35 38 39 42 44 46 48 50 52 54 56 58 60 62 64
2 4 6 8 10 12 14 16 18 20 22 24 26 28 30 32 34 35 38 39 42 44 46 48 50 52 54 56 58 60 62 64
2 4 6 8 10 12 14 16 18 20 22 24 26 28 30 32 34 35 38 39 42 44 46 48 50 52 54 56 58 60 62 64
2 4 6 8 10 12 14 16 18 20 22 24 26 28 30 32 34 35 38 39 42 44 46 48 50 52 54 56 58 60 62 64
2 4 6 8 10 12 14 16 18 20 22 24 26 28 30 32 34 36 37 39 42 44 46 48 50 52 54 56 58 60 62 64
2 4 6 8 10 12 14 16 18 20 22 24 26 28 30 32 34 36 38 39 42 44 46 48 50 52 54 56 58 60 62 64
2 4 6 8 10 12 14 16 18 20 22 24 26 28 30 32 34 35 37 39 42 44 46 48 50 52 54 56 58 60 62 64
2 4 6 8 10 12 14 16 18 20 22 24 26 28 30 32 34 36 37 39 42 44 46 48 50 52 54 56 58 60 62 64
2 4 6 8 10 12 14 16 18 20 22 24 26 28 30 32 34 36 37 39 42 44 46 48 50 52 54 56 58 60 62 64
2 4 6 8 10 12 14 16 18 20 22 24 26 28 30 32 34 35 38 39 42 44 46 48 50 52 54 56 58 60 62 64
2 4 6 8 10 12 14 16 18 20 22 24 26 28 30 32 33 35 38 39 42 44 46 48 50 52 54 56 58 60 62 64
2 4 6 8 10 12 14 16 18 20 22 24 26 28 30 32 33 35 38 39 42 44 46 47 50 52 54 56 58 60 62 64
2 4 6 8 10 12 14 16 18 20 22 24 26 28 30 32 33 35 37 39 42 44 46 48 50 52 54 56 58 60 62 64
2 4 6 8 10 12 14 16 18 20 22 24 26 28 30 32 34 36 37 39 42 44 46 48 50 52 54 56 58 60 62 64
2 4 6 8 10 12 14 16 18 20 22 24 26 28 30 32 34 35 38 39 42 44 46 48 50 52 54 56 58 60 62 64
2 4 6 8 10 12 14 16 18 20 22 24 26 28 30 32 34 35 38 39 42 44 46 48 50 52 54 56 58 60 62 64
2 4 6 8 10 12 14 16 18 20 22 24 26 28 30 32 34 35 38 39 42 44 46 48 50 52 54 56 58 60 62 64
2 4 6 8 10 12 14 16 18 20 22 24 26 28 30 32 33 35 38 39 42 44 46 48 50 52 54 56 58 60 62 64
2 4 6 8 10 12 14 16 18 20 22 24 26 28 30 32 34 35 38 39 42 44 46 48 50 52 54 56 58 60 62 64
2 4 6 8 10 12 14 16 18 20 22 24 26 28 30 32 34 35 38 39 42 44 46 48 50 52 54 56 58 60 62 64
2 4 6 8 10 12 14 16 18 20 22 24 26 28 30 32 33 35 38 39 42 44 46 48 50 52 54 56 58 60 62 64
2 4 6 8 10 12 14 16 18 20 22 24 26 28 30 32 34 35 38 39 42 44 46 48 50 52 54 56 58 60 62 64
2 4 6 8 10 12 14 16 18 20 22 24 26 28 30 32 34 35 38 39 42 44 46 48 50 52 54 56 58 60 62 64
2 4 6 8 10 12 14 16 18 20 22 24 26 28 30 32 33 35 38 39 42 44 46 48 50 52 54 56 58 60 62 64
2 4 6 8 10 12 14 16 18 20 22 24 26 28 30 32 34 35 38 39 42 44 46 48 50 52 54 56 58 60 62 64
2 4 6 8 10 12 14 16 18 20 22 24 26 28 30 32 34 36 38 39 42 44 46 48 50 52 54 56 58 60 62 64
2 4 6 8 10 12 14 16 18 20 22 24 26 28 30 32 33 35 38 39 42 44 46 48 50 52 54 56 58 60 62 64
2 4 6 8 10 12 14 16 18 20 22 24 26 28 30 32 34 35 38 39 42 44 46 48 50 52 54 56 58 60 62 64
2 4 6 8 10 12 14 16 18 20 22 24 26 28 30 32 34 36 38 39 42 44 46 48 50 52 54 56 58 60 62 64
2 4 6 8 10 12 14 16 18 20 22 24 26 28 30 32 33 35 38 39 42 44 46 48 50 52 54 56 58 60 62 64
2 4 6 8 10 12 14 16 18 20 22 24 26 28 30 32 34 35 38 39 42 44 46 47 50 52 54 56 58 60 62 64
2 4 6 8 10 12 14 16 18 20 22 24 26 28 30 32 33 35 38 39 42 44 46 48 50 52 54 56 58 60 62 64
2 4 6 8 10 12 14 16 18 20 22 24 26 28 30 32 34 35 37 40 42 44 46 48 50 52 54 56 58 60 62 64
2 4 6 8 9 12 14 16 18 20 22 24 26 28 30 32 34 35 38 39 42 44 46 48 50 52 53 56 58 60 62 64
2 4 6 8 10 12 14 16 18 20 22 24 26 28 30 32 34 35 38 39 42 44 46 48 50 52 54 56 58 60 62 64
2 4 6 8 10 12 14 16 18 20 22 24 26 28 30 32 33 35 38 39 42 44 46 48 50 52 54 56 58 60 62 64
2 4 6 8 10 12 14 16 18 20 22 24 26 28 30 32 34 36 37 39 42 44 46 48 50 52 54 56 58 60 62 64
2 4 6 8 10 12 14 16 18 20 22 24 26 28 30 32 33 35 38 39 42 44 46 48 50 52 54 56 58 60 62 64
2 4 6 8 10 12 14 16 18 20 22 24 26 28 30 32 34 35 38 39 42 44 46 48 50 52 54 56 58 60 62 64
2 4 6 8 10 12 14 16 18 20 22 24 26 28 30 32 34 36 37 39 42 44 46 48 50 52 54 56 58 60 62 64
2 4 6 8 10 12 14 16 18 20 22 24 26 28 30 32 34 35 38 39 42 44 46 48 50 52 54 56 58 60 62 64
2 4 6 8 10 12 14 16 18 20 22 24 26 28 30 32 34 36 37 39 42 44 46 48 50 52 54 56 58 60 62 64
2 4 6 8 10 12 14 16 18 20 22 24 26 28 30 32 34 35 38 39 42 44 46 48 50 52 54 56 58 60 62 64
2 4 6 8 10 12 14 16 18 20 22 24 26 28 30 32 34 35 38 39 42 44 46 48 50 52 54 56 58 60 62 64
2 4 6 8 10 12 14 16 18 20 22 24 26 28 30 32 34 36 37 39 42 44 46 48 50 52 54 56 58 60 62 64
2 4 6 8 10 12 14 16 18 20 22 24 26 28 30 32 34 35 38 39 42 44 46 48 50 52 54 56 58 60 62 64
2 4 6 8 10 12 14 16 18 20 22 24 26 28 30 32 34 35 38 39 42 44 46 48 50 52 54 56 58 60 62 64
2 4 6 8 10 12 14 16 18 20 22 24 26 28 30 32 34 35 38 39 42 44 46 48 50 52 54 56 58 60 62 64
2 4 6 8 10 12 14 16 18 20 22 24 26 28 30 32 34 36 38 39 42 44 46 48 50 52 54 56 58 60 62 64
2 4 6 8 10 12 14 16 18 20 22 24 26 28 30 32 34 36 37 39 42 44 46 48 50 52 54 56 57 60 62 64
2 4 6 8 10 12 14 16 18 20 22 24 26 28 30 32 34 36 37 39 42 44 46 48 50 52 54 56 58 60 62 64
2 4 6 8 10 12 14 16 18 20 22 24 26 28 30 32 34 35 38 39 42 44 46 48 50 52 54 56 58 60 62 64
2 4 6 8 10 12 14 16 18 20 22 24 26 28 30 32 34 35 38 39 42 44 46 47 50 52 54 56 58 60 62 64
2 4 6 8 10 12 14 16 18 20 22 24 26 28 30 32 34 35 38 39 42 43 46 48 50 52 54 56 58 60 62 64
2 4 6 8 10 12 14 16 18 20 22 24 26 28 30 32 34 35 38 39 42 44 46 47 50 52 54 56 58 60 62 64
2 4 6 8 10 12 14 16 18 20 22 24 26 28 30 32 33 35 38 39 42 44 46 48 50 52 54 56 58 60 62 64
2 4 6 8 10 12 14 16 18 20 22 24 26 28 30 32 34 35 38 39 42 44 46 48 50 52 54 56 58 60 62 64
2 4 6 8 10 12 14 16 18 20 22 24 26 28 30 32 34 35 38 39 42 44 46 48 50 52 54 56 58 60 62 64
2 4 6 8 10 12 14 16 18 20 22 24 26 28 30 32 33 35 38 39 42 44 46 48 50 52 54 56 58 60 62 64
2 4 6 8 10 12 14 16 18 20 22 24 26 28 30 32 34 35 38 39 42 44 46 48 50 52 54 56 58 60 62 64
2 4 6 8 10 12 14 16 18 20 22 24 26 28 30 32 34 35 38 39 42 44 46 48 50 52 54 56 58 60 62 64
2 4 6 8 10 12 14 16 18 20 22 24 26 28 30 32 34 36 37 39 42 44 46 48 50 52 54 56 58 60 62 64
2 4 6 8 10 12 14 16 18 20 22 24 26 28 30 32 34 35 38 39 42 44 45 48 50 52 54 56 58 60 62 64
2 4 6 8 10 12 14 16 18 20 22 24 26 28 30 32 34 35 38 39 42 44 46 47 50 52 54 56 58 60 62 64
2 4 6 8 10 12 14 16 18 20 22 24 26 28 30 32 34 36 38 39 42 44 46 48 50 52 54 56 58 60 62 64
2 4 6 8 10 12 14 16 18 20 22 24 26 28 30 32 34 36 37 39 42 44 46 48 50 52 54 56 58 60 62 64
2 4 6 8 10 12 14 16 18 20 22 24 26 28 30 32 34 36 37 39 42 44 46 48 50 52 54 56 58 60 62 64
2 4 6 8 10 12 14 16 18 20 22 24 26 28 30 32 34 35 38 39 42 44 46 48 50 52 54 56 58 60 62 64
2 4 6 8 10 12 14 16 18 20 22 24 26 28 30 32 33 35 38 39 42 44 46 48 50 52 54 56 58 60 62 64
2 4 6 8 10 12 14 16 18 20 22 24 26 28 30 32 34 36 38 39 42 44 46 48 50 52 54 56 58 60 62 64
2 4 6 8 10 12 14 16 18 20 22 24 26 28 30 32 34 35 38 39 42 44 46 48 50 52 54 56 58 60 62 64
2 4 6 8 10 12 14 16 18 20 22 24 26 28 30 32 34 35 38 39 42 44 46 47 50 52 54 56 58 60 62 64
2 4 6 8 10 12 14 16 18 20 22 24 26 28 30 31 34 35 38 39 42 44 46 48 50 52 54 56 58 60 62 64
2 4 6 8 10 12 14 16 18 20 22 24 26 28 30 32 34 35 38 39 42 44 46 48 50 52 54 56 58 60 62 64
2 4 6 8 10 12 14 16 18 20 22 24 26 28 30 32 34 36 38 39 42 44 46 48 50 52 54 56 58 60 62 64
2 4 6 8 10 12 14 16 18 20 22 24 26 28 30 32 34 35 38 39 42 44 46 48 50 52 54 56 58 60 62 64
2 4 6 8 10 12 14 16 18 20 22 24 26 28 30 32 34 35 38 39 42 44 46 48 50 52 54 56 58 60 62 64
2 4 6 8 10 12 14 16 18 20 22 24 26 28 30 32 33 35 38 39 42 44 46 48 50 52 54 56 58 60 62 64
2 4 6 8 10 12 14 16 18 20 22 24 26 28 30 32 34 35 38 39 42 44 46 48 50 52 54 56 58 60 62 64
2 4 6 8 10 12 14 16 18 20 22 24 26 28 30 32 34 35 38 39 42 44 46 48 50 52 54 56 58 60 62 64
2 4 6 8 10 12 14 16 18 20 22 24 26 28 30 32 34 36 37 39 42 44 46 48 50 52 54 56 58 60 62 64
2 4 6 8 10 12 14 16 18 20 22 24 26 28 30 32 34 35 38 39 42 44 46 48 50 52 54 56 58 60 62 64
2 4 6 8 10 12 14 16 18 20 22 24 26 28 30 32 34 36 37 39 42 44 46 48 50 52 54 56 58 60 62 64
2 4 6 8 10 12 14 16 18 20 22 24 26 28 30 32 33 35 38 39 42 44 46 48 50 52 54 56 58 60 62 64
2 4 6 8 10 12 14 16 18 20 22 24 26 28 30 32 33 35 38 39 42 44 46 48 50 52 54 56 58 60 62 64
2 4 6 8 10 12 14 16 18 20 22 24 26 28 30 32 33 35 38 39 42 43 46 48 50 52 54 56 58 60 62 64
2 4 6 8 10 12 14 16 18 20 22 24 26 28 30 32 34 35 38 40 42 44 46 48 50 52 54 56 58 60 62 64
2 4 6 8 10 12 14 16 18 20 22 24 26 28 30 32 33 35 38 39 42 44 46 48 50 52 54 56 58 60 62 64
2 4 6 8 10 12 14 16 18 20 22 24 26 28 30 32 34 36 37 39 42 44 46 48 50 52 54 56 58 60 62 64
2 4 6 8 10 12 14 16 18 20 22 24 26 28 30 32 34 35 38 39 42 44 46 47 50 52 54 56 58 60 62 64
2 4 6 8 10 12 14 16 18 20 22 24 26 28 30 32 34 35 38 39 42 44 46 48 50 52 54 56 58 60 62 64
2 4 6 8 10 12 14 16 18 20 22 24 26 28 30 32 34 36 37 39 42 44 46 48 50 52 54 56 58 60 62 64
2 4 6 8 10 12 14 16 18 20 22 24 26 28 30 32 34 35 38 39 42 44 46 47 50 52 54 56 57 60 62 64
2 4 6 8 10 12 14 16 18 20 22 24 26 28 30 32 34 35 38 39 42 44 46 48 50 52 54 56 58 60 62 64
2 4 6 8 10 12 14 16 18 20 22 24 26 28 30 32 34 36 37 39 42 44 46 48 50 52 54 56 58 60 62 64
2 4 6 8 10 12 14 16 18 20 22 24 26 28 30 32 33 35 38 39 42 44 46 48 50 52 54 56 58 60 62 64
2 4 6 8 10 12 14 16 18 20 22 24 26 28 30 32 34 35 38 39 42 44 46 48 50 52 54 56 58 60 62 64
2 4 6 8 10 12 14 16 18 20 22 24 26 28 30 32 34 35 38 39 42 44 46 48 50 52 54 56 58 60 62 64
2 4 6 8 10 12 14 16 18 20 22 24 26 28 30 32 34 35 37 40 42 44 46 48 50 52 54 56 58 60 62 64
2 4 6 8 10 12 14 16 18 20 22 24 26 28 30 32 33 35 38 39 42 44 46 48 50 52 54 56 58 60 62 64
2 4 6 8 10 12 14 16 18 20 22 24 26 28 30 32 34 35 38 39 42 44 46 48 50 52 54 56 58 60 62 64
2 4 6 8 10 12 14 16 18 20 22 24 26 28 30 32 34 35 38 39 42 44 46 48 50 52 54 56 58 60 62 64
2 4 6 8 10 12 14 16 18 20 22 24 26 28 30 32 34 35 38 39 42 44 46 48 50 52 54 56 58 60 62 64
2 4 6 8 10 12 14 16 18 20 22 24 26 28 30 32 33 35 38 39 42 44 46 48 50 52 54 56 58 60 62 64
2 4 6 8 10 12 14 16 18 20 22 24 26 28 30 32 34 36 37 39 42 44 46 48 50 52 54 56 58 60 62 64
2 4 6 8 10 12 14 16 18 20 22 24 26 28 30 32 34 35 38 39 42 44 46 48 50 52 54 56 58 60 62 64
2 4 6 8 10 12 14 16 18 20 22 24 26 28 30 32 34 36 37 40 42 44 46 48 50 52 54 56 58 60 62 64
2 4 6 8 10 12 14 16 18 20 22 24 26 28 30 32 33 35 38 39 42 44 46 48 50 52 54 56 58 60 62 64
2 4 6 8 10 12 14 16 18 19 22 24 26 28 30 32 34 36 37 39 42 44 46 48 50 52 54 56 58 60 62 64
2 4 6 8 10 12 14 16 18 20 22 24 26 28 30 32 34 35 38 39 42 44 46 48 50 52 54 56 58 60 62 64
2 4 6 8 10 12 14 16 18 20 22 24 26 28 30 32 33 35 38 39 42 44 46 48 50 52 54 56 58 60 62 64
2 4 6 8 10 12 14 16 18 20 22 24 26 28 30 32 34 36 37 40 42 44 46 48 50 52 54 56 58 60 62 64
2 4 6 8 10 12 14 16 18 20 22 24 26 28 30 32 34 35 37 39 42 44 46 48 50 52 54 56 58 60 62 64
2 4 6 8 10 12 14 16 18 20 22 24 26 28 30 32 34 35 38 39 42 44 46 48 50 52 54 56 58 60 62 64
2 4 6 8 10 12 14 16 18 20 22 24 26 28 30 32 34 35 37 40 42 44 46 48 50 52 54 56 58 60 62 64
2 4 6 8 10 12 14 16 18 20 22 24 26 28 30 32 34 36 37 39 42 44 46 48 50 52 54 56 58 60 62 64
2 4 6 8 10 12 14 16 18 20 22 24 26 28 30 32 34 36 37 39 42 44 46 48 50 52 54 56 58 60 62 64
2 4 6 8 10 12 14 16 18 20 22 24 26 28 30 32 34 35 38 39 42 44 46 48 50 52 54 56 58 60 62 64
2 4 6 8 10 12 14 16 18 20 22 24 26 28 30 32 34 35 38 39 42 44 46 48 50 52 54 56 58 59 62 64
2 3 6 8 10 12 14 16 18 20 22 24 26 28 30 32 34 36 37 39 42 44 46 48 50 52 54 56 58 60 62 64
2 4 6 8 10 12 14 16 18 20 22 24 26 28 30 32 33 35 38 39 42 44 46 48 50 52 54 56 58 60 62 64
2 4 6 8 10 12 14 16 18 20 22 24 26 28 30 32 33 35 38 39 42 44 46 48 50 52 54 56 58 60 62 64
2 4 6 8 10 12 14 16 18 20 22 24 26 28 30 32 34 35 38 39 42 44 46 48 50 52 54 56 58 60 62 64
2 4 6 8 10 12 14 16 18 20 22 24 26 28 30 32 34 35 38 39 42 44 46 48 50 52 54 56 58 60 62 64
2 4 6 8 10 12 14 16 18 20 22 24 26 28 30 32 33 35 38 39 42 44 46 48 50 52 54 56 58 60 62 64
2 4 6 8 10 12 14 16 18 20 22 24 26 28 30 32 34 35 37 40 42 44 46 48 50 52 54 56 58 60 62 64
2 4 6 8 10 12 14 16 18 20 22 24 26 28 30 32 34 36 37 39 42 44 46 48 50 52 54 56 58 60 62 64
2 4 6 8 10 12 14 16 18 20 22 24 26 28 30 32 34 36 38 39 42 44 46 48 50 52 54 56 58 60 62 64
2 4 6 8 10 12 14 16 18 20 22 24 26 28 30 32 34 36 37 39 42 44 46 48 50 52 54 56 58 60 62 64
2 4 6 8 10 12 14 16 18 20 22 24 26 28 30 32 33 35 38 39 42 44 46 48 50 52 54 56 58 60 62 64
2 4 6 8 10 12 14 16 18 20 22 24 26 28 30 32 34 35 38 39 42 44 46 48 50 52 54 56 58 60 62 64
2 4 6 8 10 12 14 16 18 20 22 24 26 28 30 32 34 35 38 39 42 44 46 48 50 52 54 56 58 60 62 64
2 4 6 8 10 12 14 16 18 20 22 24 26 28 30 32 34 36 37 40 42 44 46 48 50 52 54 56 58 60 62 64
2 4 6 8 10 12 14 16 18 20 22 24 26 28 30 32 34 36 37 39 42 44 46 48 50 52 54 56 58 60 62 64
2 4 6 8 10 12 14 16 18 20 22 24 26 28 30 31 34 35 38 39 42 44 46 48 50 52 54 56 58 60 62 64
2 4 6 8 10 12 14 16 18 20 22 24 26 28 30 32 34 35 38 39 42 44 46 48 50 52 54 56 58 60 62 64
2 4 6 8 10 12 14 16 18 20 22 24 26 28 30 32 33 35 38 39 42 44 46 48 50 52 54 56 58 60 62 64
2 4 6 8 10 12 14 16 18 20 22 24 26 28 30 32 34 35 37 40 42 44 46 48 50 52 54 56 58 60 62 64
2 4 6 8 10 12 14 16 18 20 22 24 26 28 30 32 34 35 38 39 42 44 46 48 50 52 54 56 58 60 62 64
2 4 6 8 10 12 14 16 18 20 22 24 26 28 30 32 34 35 38 40 42 44 46 48 50 52 54 56 58 60 62 64
2 4 6 8 10 12 14 16 18 20 22 24 26 28 30 32 34 35 38 39 42 44 45 48 50 52 54 56 58 60 62 64
2 4 6 8 10 12 14 16 18 20 22 24 26 28 30 32 33 35 38 39 42 44 46 48 50 52 54 56 58 60 62 64
2 4 6 8 10 12 14 16 18 20 22 24 26 28 30 32 34 35 38 39 42 44 46 48 50 52 54 56 58 60 62 64
2 4 6 8 10 12 14 16 18 20 22 24 26 28 30 32 34 35 38 39 42 44 46 48 50 52 54 56 58 60 62 64
2 4 6 8 10 12 14 16 18 20 22 24 26 28 30 32 33 35 38 39 42 44 46 48 50 52 54 56 58 60 62 64
2 4 6 8 10 12 14 16 18 20 22 24 26 28 30 32 34 35 38 39 42 44 46 48 50 52 54 56 58 60 62 64
2 4 6 8 10 12 14 16 18 20 22 24 26 28 30 32 34 35 38 39 42 44 46 48 50 52 54 56 58 60 62 64
2 4 6 8 10 12 14 16 18 20 22 24 26 28 30 32 33 35 38 39 42 44 46 47 50 52 54 56 58 60 62 64
2 4 6 8 10 12 14 16 18 20 22 24 26 28 30 32 34 35 38 39 42 44 46 48 50 52 54 56 58 60 62 64
2 4 6 8 10 12 14 16 18 20 22 24 26 28 30 32 34 35 38 39 42 44 46 48 50 52 54 56 58 60 62 64
2 4 6 8 10 12 14 16 18 20 22 24 26 28 30 32 34 35 38 39 42 44 46 48 50 52 54 56 58 60 62 64
2 4 6 8 10 12 14 16 18 20 22 24 26 28 30 31 34 35 38 39 42 44 46 48 50 52 54 56 58 60 62 64
2 4 6 8 10 12 14 16 18 20 22 24 26 28 30 32 34 35 38 39 42 44 46 48 50 52 54 56 58 60 62 64
2 4 6 8 10 12 14 16 18 20 22 24 26 28 30 32 34 35 38 39 42 44 46 48 50 52 54 56 58 60 62 64
2 4 6 8 10 12 14 16 18 20 22 24 26 28 30 32 33 35 38 39 42 44 46 48 50 52 54 56 58 60 62 64
2 4 6 8 10 12 14 16 18 20 22 24 26 28 30 32 33 35 38 39 42 44 46 48 50 52 54 56 58 60 62 64
2 4 6 8 10 12 14 16 18 20 22 24 26 28 30 32 34 35 38 39 42 44 46 48 50 52 54 56 58 60 62 64
2 4 6 8 10 12 14 16 18 20 21 24 26 28 30 32 34 35 38 39 42 44 46 48 50 52 54 56 58 60 62 64
2 4 6 8 10 12 14 16 18 20 22 24 26 28 30 32 34 36 37 39 42 44 46 48 50 52 54 56 58 60 62 64
2 4 6 8 10 12 14 16 18 20 22 24 26 28 30 32 33 35 38 39 42 44 46 48 50 52 54 56 58 60 62 64
2 4 6 8 10 12 14 16 18 20 22 24 26 28 30 32 34 35 38 39 42 44 46 48 50 52 54 56 58 60 62 64
2 4 6 8 10 12 14 16 18 20 22 24 26 28 30 32 33 35 38 39 42 44 46 48 50 52 54 56 58 60 62 64
2 4 6 8 10 12 14 16 18 20 22 24 26 28 30 32 34 35 38 39 42 44 46 48 50 52 54 56 58 60 62 64
2 4 6 8 10 12 14 16 18 20 22 24 26 28 30 32 34 35 38 39 42 44 46 48 50 52 54 56 58 60 62 64
2 4 6 8 10 12 14 16 18 20 22 24 26 28 30 32 34 36 37 39 42 44 46 48 50 52 54 56 58 60 62 64
2 4 6 8 10 12 14 16 18 20 22 24 26 28 30 32 34 35 38 39 42 44 46 48 50 52 54 56 58 60 62 64
2 4 6 8 10 12 14 16 18 20 22 24 26 28 30 32 33 35 38 39 42 44 46 48 50 52 54 56 58 60 62 64
2 4 6 8 10 12 14 16 18 20 22 24 26 28 30 32 34 35 38 39 42 44 46 48 50 52 54 56 58 60 62 64
2 4 6 8 10 12 14 16 18 20 22 24 26 28 30 32 34 35 38 39 42 44 46 48 50 52 54 56 58 60 62 64
2 4 6 8 10 12 14 16 18 20 22 24 26 28 30 32 34 35 38 39 42 44 46 48 50 52 54 56 58 60 62 64
2 4 6 8 10 12 14 16 18 20 22 24 26 28 30 32 34 36 37 39 42 44 46 48 50 52 54 56 58 60 62 64
2 3 6 8 10 12 14 16 18 20 22 24 26 28 30 32 34 35 38 39 42 44 46 48 50 52 54 56 58 60 62 64
2 4 6 8 10 12 14 16 18 20 22 24 26 28 30 32 34 36 37 39 42 44 46 48 50 52 54 56 58 60 62 64
2 4 6 8 10 12 14 16 17 20 22 24 26 28 30 32 33 35 38 39 42 44 46 48 50 52 54 56 58 60 62 64
2 4 6 8 10 12 14 16 18 20 22 24 26 28 30 32 34 35 38 39 42 44 46 48 50 52 54 56 58 60 62 64
2 4 6 8 10 12 14 16 18 20 22 24 26 28 30 32 34 36 37 39 42 44 46 48 50 52 54 56 58 60 62 64
2 4 6 8 10 12 14 16 18 20 22 24 26 28 30 32 34 35 38 40 42 44 46 48 50 52 54 56 58 60 62 64
2 4 6 8 10 12 14 16 18 20 22 24 26 28 30 32 34 36 37 39 42 44 46 48 50 52 54 56 58 60 62 64
2 4 6 8 10 12 14 16 18 20 22 24 26 28 30 32 33 35 38 39 42 44 46 48 50 52 54 56 58 60 62 64
2 4 6 8 10 12 14 16 18 20 22 24 26 28 30 32 34 35 38 39 42 44 46 48 50 52 54 56 58 60 62 64
2 4 6 8 10 12 14 16 18 20 22 24 26 28 30 32 34 35 38 39 42 44 46 48 50 52 54 56 58 60 62 64
2 4 6 8 10 12 14 16 18 20 22 24 26 28 30 32 34 35 38 39 42 44 46 48 50 52 54 56 58 60 62 64
2 4 6 8 10 12 14 16 18 20 22 24 26 28 30 32 34 35 37 40 42 44 46 48 50 52 54 56 58 60 62 64
2 4 6 8 10 12 14 16 18 20 22 24 26 28 30 32 33 35 38 39 42 44 46 48 50 52 54 56 58 60 62 64
2 4 6 8 10 12 14 16 18 20 22 24 26 28 30 32 34 36 37 40 42 44 46 48 50 52 54 56 58 60 62 64
2 4 6 8 10 12 14 16 18 20 22 24 26 28 30 32 33 35 38 39 42 44 46 48 50 52 54 56 58 60 62 64
2 4 6 8 10 12 14 16 18 20 22 24 26 28 30 32 34 35 38 39 42 44 46 48 50 52 54 56 58 60 62 64
2 4 6 8 10 12 14 16 18 20 22 24 26 28 30 32 33 35 38 39 42 44 46 48 50 52 54 56 58 60 62 64
2 4 6 8 10 12 14 16 18 20 22 24 26 28 30 32 33 35 38 39 42 44 46 48 50 52 54 56 58 60 62 64
2 4 6 8 10 12 14 16 18 20 22 24 26 28 30 32 33 35 38 39 42 44 46 48 50 52 54 56 58 60 62 64
2 4 6 8 10 12 14 16 18 20 22 24 26 28 30 32 34 35 37 40 42 44 46 48 50 52 54 56 58 60 62 64
2 4 6 8 10 12 14 16 18 20 22 24 26 28 30 32 34 35 38 39 42 44 45 48 50 52 54 56 58 60 62 64
2 4 6 8 10 12 14 16 18 20 22 24 26 28 30 32 34 35 38 39 42 44 46 48 50 52 54 56 58 60 62 64
2 4 6 8 10 12 14 16 18 20 22 24 26 28 30 32 34 35 38 40 42 44 46 48 50 52 54 56 58 60 62 64
2 4 6 8 10 12 14 16 18 20 22 24 26 28 30 32 34 35 38 39 42 44 46 48 50 52 54 56 58 60 62 64
2 4 6 8 10 12 14 16 18 20 22 24 26 28 30 32 34 35 38 39 42 44 45 48 50 52 54 56 57 60 62 64
2 4 6 8 10 12 14 16 18 20 22 24 26 28 30 31 33 35 38 40 42 44 46 48 50 52 54 56 58 60 62 64
2 4 6 8 10 12 14 16 18 20 22 24 26 28 30 32 33 35 38 39 42 44 46 48 50 52 54 56 58 60 62 64
2 4 6 8 10 12 14 16 18 20 22 24 26 28 30 32 34 35 38 39 42 44 46 47 50 52 54 56 58 60 62 64
2 4 6 8 10 12 14 16 18 20 22 24 26 28 30 32 34 35 38 39 42 44 46 48 50 52 54 56 58 60 62 64
2 4 6 8 10 12 14 16 18 20 21 24 26 28 30 32 34 35 38 39 42 44 46 48 50 52 54 56 58 60 62 64
2 4 6 8 10 12 14 16 18 20 22 24 26 28 30 32 34 35 38 39 42 44 46 48 50 52 54 56 58 60 62 64
2 4 6 8 10 12 14 16 18 20 22 24 26 28 30 32 34 35 38 39 42 44 46 48 50 52 54 56 58 60 62 64
2 4 6 8 10 12 14 16 18 20 22 24 26 28 30 32 33 35 38 39 42 44 46 48 50 52 54 56 58 60 62 64
2 4 6 8 10 12 14 16 18 20 22 24 26 28 30 32 34 36 37 39 42 44 46 48 50 52 54 56 58 60 62 64
2 4 6 8 10 12 14 16 18 20 22 24 26 28 30 32 34 35 38 39 42 44 46 48 50 52 54 56 58 60 62 64
2 4 6 8 10 12 14 16 18 20 22 24 26 28 30 32 34 36 37 39 42 44 46 48 50 52 54 56 58 60 62 64
2 4 6 8 10 12 14 16 18 20 22 24 26 28 30 32 33 35 38 39 42 44 46 48 50 52 54 56 58 60 62 64
2 4 6 8 10 12 14 16 18 20 22 24 26 28 30 32 34 35 37 40 42 44 46 48 50 52 54 56 58 60 62 64
2 4 6 8 10 12 14 16 18 20 22 24 26 28 30 32 34 35 38 39 42 44 46 48 50 52 54 56 58 60 62 64
2 4 6 8 10 12 14 16 18 20 22 24 26 28 30 32 34 36 37 39 42 44 46 48 50 52 54 56 58 60 62 64
2 4 6 8 10 12 14 16 18 20 22 24 26 28 30 32 33 35 38 39 42 44 46 48 50 52 54 56 58 60 62 64
2 4 6 8 10 12 14 16 18 20 22 24 26 28 30 32 33 35 38 39 42 44 46 48 50 52 54 56 58 60 62 64
2 4 6 8 10 12 14 16 18 20 22 24 26 28 30 32 33 35 38 39 42 44 46 48 50 52 54 56 58 60 62 64
2 4 6 8 10 12 14 16 18 20 22 24 26 28 30 32 34 35 38 40 42 44 46 48 50 52 54 56 58 60 62 64
2 4 6 8 10 12 14 16 18 20 22 24 26 28 29 32 34 35 38 39 42 44 46 48 50 52 54 56 58 60 62 64
2 4 6 8 10 12 14 16 18 20 22 24 26 28 30 32 34 35 38 39 42 44 46 48 50 52 54 56 58 60 62 64
2 4 6 8 10 12 14 16 18 20 22 24 26 28 30 32 34 35 38 40 42 44 46 48 50 52 54 56 58 60 62 64
2 4 6 8 10 12 14 16 18 20 22 24 26 28 30 32 34 35 38 39 42 44 46 48 50 52 54 56 58 60 62 64
2 4 6 8 10 12 14 16 18 20 22 24 26 28 30 32 34 36 37 39 42 44 46 48 50 52 54 56 58 60 62 64
2 4 6 8 10 12 14 16 18 20 22 24 26 28 30 32 34 36 37 39 42 44 46 48 50 52 54 56 58 60 62 64
2 4 6 8 10 12 14 16 18 20 22 24 26 28 30 32 34 35 38 39 42 44 46 48 50 52 54 56 58 60 62 64
2 4 6 8 10 12 14 16 18 20 22 24 26 28 30 32 34 35 38 39 42 44 46 48 50 52 54 56 58 60 62 64
2 4 6 8 10 12 14 16 18 20 22 24 26 28 30 32 34 35 38 39 42 44 46 48 50 52 54 56 58 60 62 64
2 4 6 8 10 12 14 16 18 20 22 24 26 28 30 32 33 35 38 39 42 44 46 48 50 52 54 56 58 60 62 64
2 3 6 8 10 12 14 16 18 20 22 24 26 28 30 32 33 35 38 39 42 44 46 48 50 52 54 56 58 60 62 64
2 4 6 8 10 12 14 16 18 20 22 24 26 28 30 32 33 35 38 39 42 44 46 48 50 52 54 56 58 60 62 64
2 4 6 8 10 12 14 16 18 20 22 24 26 28 30 32 33 35 38 39 42 44 46 48 50 52 54 56 58 60 62 64
2 4 6 8 10 12 14 16 18 20 22 24 26 28 30 32 34 36 37 39 42 44 46 48 50 52 54 56 58 60 62 64
2 4 6 8 10 12 14 16 18 20 22 24 26 28 30 32 33 35 38 39 42 44 46 48 50 52 54 56 58 60 62 64
2 4 6 8 10 12 14 16 18 20 22 24 26 28 30 32 34 36 37 39 42 44 46 48 50 52 54 56 58 60 62 64
2 4 6 8 10 12 14 16 18 20 22 24 26 28 30 32 33 35 38 39 42 44 46 48 50 52 54 56 58 60 62 64
2 4 6 8 10 12 14 16 18 20 22 24 26 28 30 32 33 35 38 39 42 44 46 48 50 52 54 56 58 60 62 64
2 4 6 8 10 12 14 16 18 20 22 24 26 28 30 32 34 36 37 39 42 44 46 48 50 52 54 56 58 60 62 64
2 4 6 8 10 12 14 16 18 20 22 24 26 28 30 32 34 35 38 39 42 44 46 48 50 52 54 56 58 60 62 64
2 4 6 8 10 12 14 16 18 20 22 24 26 28 30 32 34 35 38 39 42 44 46 48 50 52 54 56 58 60 62 64
2 4 6 8 10 12 14 16 18 20 22 24 26 28 30 32 34 36 37 39 42 44 46 48 50 52 54 56 58 60 62 64
2 4 6 8 10 12 14 16 18 20 22 24 26 28 30 32 33 35 38 39 42 44 46 48 50 52 54 56 58 60 62 64
2 4 6 8 10 12 14 16 18 20 22 24 26 28 30 32 34 35 38 39 42 44 46 48 50 52 54 56 58 60 62 64
2 4 6 8 10 12 14 16 18 20 22 24 26 28 30 32 34 35 38 39 42 44 46 48 50 52 54 56 58 60 62 64
2 4 6 8 10 12 14 16 18 20 22 24 26 28 30 32 34 35 38 39 42 44 46 48 50 52 54 56 58 60 62 64
2 4 6 8 10 12 14 16 18 20 22 24 26 28 30 32 34 35 38 39 42 44 46 48 50 52 54 56 58 60 62 64
2 4 6 8 10 12 14 16 18 20 22 24 26 28 30 32 34 36 37 39 42 44 46 48 50 52 54 56 58 60 62 64
2 4 6 8 10 12 14 16 18 20 22 24 26 28 30 32 34 35 37 40 42 44 46 48 50 52 54 56 58 60 62 64
2 4 6 8 10 12 14 16 18 20 22 24 26 28 30 32 33 35 38 39 42 44 46 48 50 52 54 56 58 60 62 64
2 4 6 8 10 12 14 16 18 20 22 24 26 28 30 32 34 36 38 39 42 44 46 48 50 52 54 56 58 60 62 64
2 4 6 8 10 12 14 16 18 20 22 24 26 28 30 32 34 35 37 40 42 44 46 48 50 52 54 56 58 60 62 64
2 4 6 8 10 12 14 16 18 20 22 24 26 28 30 32 34 35 38 39 42 44 46 48 50 52 54 56 58 60 62 64
2 4 6 8 10 12 14 16 18 20 22 24 26 28 30 32 34 36 37 39 42 44 46 48 50 52 54 56 58 60 62 64
2 4 6 8 10 12 14 16 18 20 22 24 26 28 30 32 34 35 38 39 42 44 46 48 50 52 54 56 58 60 62 64
2 4 6 8 10 12 14 16 18 20 22 24 26 28 30 32 34 36 37 39 42 44 46 48 50 52 54 56 58 60 62 64
2 4 6 8 10 12 14 16 18 20 22 24 26 28 30 32 34 35 38 39 42 44 46 48 50 52 54 56 58 60 62 64
2 4 6 8 10 12 14 16 18 20 22 24 26 28 30 32 34 35 38 39 42 44 46 48 50 52 54 56 58 60 62 64
2 4 6 8 10 12 14 16 18 20 22 24 26 28 30 32 34 35 37 40 42 44 46 48 50 52 54 56 58 60 62 64
2 4 6 8 10 12 14 16 18 20 22 24 26 28 30 32 34 36 37 39 42 44 46 48 50 52 54 56 58 60 62 64
2 4 6 8 10 12 14 16 18 20 22 24 26 28 30 32 34 35 38 40 42 44 46 48 50 52 54 56 58 60 62 64
2 4 6 8 10 12 14 16 18 20 22 24 26 28 30 32 34 35 37 39 42 44 45 48 50 52 54 56 57 60 62 64
2 4 6 8 10 12 14 16 18 20 22 24 26 28 30 32 34 35 38 39 42 44 46 48 50 52 54 56 58 60 62 64
2 4 6 8 10 12 14 16 18 20 22 24 26 28 30 32 34 35 38 39 42 44 46 48 50 52 54 56 58 60 62 64
2 4 6 8 10 12 14 16 18 20 22 24 26 28 30 32 34 35 37 40 42 44 46 48 50 52 54 56 58 60 62 64
2 4 6 8 10 12 14 16 18 20 22 24 26 28 30 32 34 35 38 39 42 44 46 48 50 52 54 56 58 60 62 64
2 4 6 8 10 12 14 16 18 20 22 24 26 28 30 32 34 35 38 39 42 44 46 48 50 52 54 56 58 60 62 64
2 4 6 8 10 12 14 16 18 20 22 24 26 27 30 32 33 35 38 39 42 44 46 48 50 52 54 56 58 60 62 64
2 4 6 8 10 12 14 16 18 20 22 24 26 28 30 32 34 35 38 39 42 44 46 48 50 52 54 56 58 60 62 64
2 4 6 8 10 12 14 16 18 20 22 24 26 28 30 32 33 35 38 39 42 44 46 48 50 52 54 56 58 60 62 64
2 4 6 8 10 12 14 16 18 20 22 24 26 28 30 32 34 35 37 39 42 44 45 48 50 52 54 56 57 60 62 64
2 4 6 8 10 12 14 16 18 20 22 24 26 28 30 32 33 35 38 39 42 44 46 48 50 52 54 56 58 60 62 64
2 4 6 8 10 12 14 16 18 20 22 24 26 28 30 32 33 35 38 39 42 44 46 48 50 52 54 56 58 60 62 64
2 4 6 8 10 12 14 16 18 20 22 24 26 28 30 32 34 35 38 39 42 44 46 48 50 52 54 56 58 60 62 64
2 4 6 8 10 12 14 16 18 20 22 24 26 28 30 32 34 35 37 40 42 44 46 48 50 52 54 56 58 60 62 64
2 4 6 8 10 12 14 16 18 20 22 24 26 28 30 32 34 35 38 40 42 44 46 48 50 52 54 56 58 60 62 64
2 4 6 8 10 12 14 16 18 20 22 24 26 28 30 32 34 35 38 40 42 44 46 48 50 52 54 56 58 60 62 64
2 4 6 8 10 12 14 16 18 20 22 24 26 28 30 32 34 35 37 39 42 44 45 48 50 52 54 56 57 60 62 64
2 4 6 8 10 12 14 16 18 20 22 24 26 28 30 32 34 35 38 39 42 44 46 48 50 52 54 56 58 60 62 64
2 4 6 8 10 12 14 16 18 20 22 24 26 28 30 31 34 35 38 39 42 44 46 48 50 52 54 56 58 60 62 64
2 4 6 8 10 12 14 16 18 20 22 24 26 28 30 32 34 35 38 39 42 44 46 48 50 52 54 56 58 60 62 64
2 4 6 8 10 12 14 16 18 20 22 24 26 28 30 32 34 35 38 39 42 44 46 48 50 52 54 56 58 60 62 64
2 4 6 8 10 12 14 16 18 20 22 24 26 28 30 32 34 36 38 39 42 44 46 48 50 52 54 56 58 60 62 64
2 4 6 8 10 12 14 16 18 20 22 24 26 28 30 32 34 35 38 39 42 44 46 48 50 52 54 56 58 60 62 64
2 4 6 8 10 12 14 16 18 20 22 24 26 28 30 32 33 35 38 39 42 44 46 48 50 52 54 56 58 60 62 64
2 4 6 8 10 12 14 16 18 20 22 24 26 28 30 32 34 36 37 39 42 44 46 48 50 52 54 56 58 60 62 64
2 4 6 8 10 12 14 16 18 20 22 24 26 28 30 32 34 36 37 39 42 44 46 48 50 52 54 56 58 60 62 64
2 4 6 8 10 12 14 16 18 20 22 24 26 28 30 32 34 35 38 39 42 44 46 48 50 52 54 56 58 60 62 64
2 4 6 8 10 12 14 16 18 20 22 24 26 28 30 32 34 35 38 40 42 44 46 48 50 52 54 56 58 60 62 64
2 4 6 8 10 12 14 16 18 20 22 24 26 28 30 32 33 35 38 39 42 44 46 48 50 52 54 56 58 60 62 64
2 4 6 8 10 12 14 16 18 20 22 24 26 28 30 32 33 35 38 39 42 44 46 48 50 52 54 56 58 60 62 64
2 4 6 8 10 12 14 16 18 20 22 24 26 28 30 32 34 36 37 39 42 44 46 48 50 52 54 56 58 60 62 64
2 4 6 8 10 12 14 16 18 20 22 24 26 28 30 32 34 35 37 40 42 44 46 48 50 52 54 56 58 60 62 64
2 4 6 8 10 12 14 16 18 20 22 24 26 28 30 32 34 35 38 39 42 44 46 48 50 52 54 56 58 60 62 64
2 4 6 8 10 12 14 16 18 20 22 24 26 28 30 32 33 35 38 39 42 44 46 48 50 52 54 56 58 60 62 64
2 3 6 8 10 12 14 16 18 20 22 24 26 28 30 32 33 35 38 40 42 44 46 48 50 52 54 56 58 60 62 64
2 4 6 8 10 12 14 16 18 20 22 24 26 28 30 32 34 35 38 39 42 44 46 48 50 52 54 56 58 60 62 64
2 4 6 8 10 12 14 16 18 20 22 24 26 28 30 32 34 35 38 39 42 44 46 48 50 51 54 56 58 60 62 64
2 4 6 8 10 12 14 16 18 20 22 24 26 28 30 32 33 35 38 39 42 44 46 48 50 52 54 56 58 60 62 64
2 4 6 8 10 12 14 16 18 20 22 24 26 28 30 32 33 35 38 39 42 44 46 48 50 52 54 56 58 60 62 64
2 4 6 8 10 12 14 16 18 20 22 24 26 28 30 32 34 36 37 39 42 44 46 48 50 52 54 56 58 60 62 64
2 4 6 8 10 12 14 16 18 20 22 24 26 28 30 32 33 35 38 39 42 44 46 48 50 52 54 56 58 60 62 64
2 4 6 8 10 12 14 16 18 20 22 24 26 28 30 32 34 35 37 40 42 44 46 48 50 52 54 56 58 60 62 64
2 4 6 8 10 12 14 16 18 20 22 24 26 28 30 32 34 35 38 39 42 44 46 48 50 52 54 56 58 60 62 64
2 4 6 8 10 12 14 16 18 20 22 24 26 28 30 32 34 36 37 39 42 44 46 48 50 52 54 56 58 60 62 64
2 4 6 8 10 12 14 16 18 20 22 24 26 28 30 32 34 35 37 40 42 44 46 48 50 52 54 56 58 60 62 64
2 4 6 8 10 12 14 16 18 20 22 24 26 28 30 32 34 35 37 40 42 44 46 48 50 52 54 56 58 60 62 64
2 4 6 8 10 12 14 16 18 20 22 24 26 28 30 32 34 35 38 40 42 44 46 48 50 52 54 56 58 60 62 64
2 4 6 8 10 12 14 16 18 20 22 24 26 28 30 32 34 36 37 39 42 44 46 48 50 52 54 56 58 60 62 64
2 4 6 8 10 12 14 16 18 20 22 24 26 28 30 32 33 35 38 39 42 44 46 48 50 52 54 56 58 60 62 64
2 4 6 8 10 12 14 16 18 20 22 24 26 28 30 32 34 35 38 39 42 44 46 48 50 52 54 56 58 60 62 64
2 4 6 8 10 12 14 16 18 20 22 24 26 28 30 32 34 35 38 39 42 44 46 48 50 52 54 56 58 60 62 64
2 4 6 8 10 12 14 16 18 20 22 24 26 28 30 32 34 35 38 39 42 44 46 48 50 52 54 56 58 60 62 64
2 4 6 8 10 12 14 16 18 20 22 24 26 28 30 32 34 36 37 39 42 44 46 48 50 52 54 56 58 60 62 64
2 4 6 8 10 12 14 16 18 20 22 24 26 28 30 32 34 35 38 39 42 44 46 48 50 52 54 56 58 60 62 64
2 4 6 8 10 12 14 16 18 20 22 24 26 28 30 32 34 35 38 39 42 44 46 48 50 52 54 56 58 60 62 64
2 4 6 8 10 12 14 16 18 20 22 24 26 28 30 32 34 35 37 40 42 44 46 48 50 52 54 56 58 60 62 64
2 4 6 8 10 12 14 16 18 20 22 24 26 28 30 32 34 35 38 39 42 44 46 48 50 52 54 56 58 60 62 64
2 4 6 8 10 12 14 16 18 20 22 24 26 28 30 32 33 35 38 39 42 44 46 48 50 52 54 56 58 60 62 64
2 4 6 8 10 12 14 16 18 20 22 24 26 28 30 32 33 35 38 39 42 44 46 48 50 52 54 56 58 60 62 64
2 4 6 8 10 12 14 16 18 20 22 24 26 28 30 32 34 35 38 39 42 44 46 48 50 52 54 56 58 60 62 64
2 4 6 8 10 12 14 16 18 20 22 24 26 28 30 32 34 36 37 39 42 44 46 48 50 52 54 56 58 60 62 63
2 4 6 8 10 12 14 16 18 20 22 24 26 28 30 32 34 35 38 39 42 44 46 48 50 52 54 56 58 60 62 64
2 4 6 8 10 12 14 16 18 20 22 24 26 28 30 32 34 36 37 39 42 44 46 48 50 52 54 56 58 60 62 64
2 4 6 8 10 12 14 16 18 20 22 24 26 28 30 32 34 35 38 39 41 44 46 48 50 52 54 56 58 60 62 64
2 4 6 8 10 12 14 16 18 20 22 24 26 28 30 32 34 35 37 40 42 44 46 48 50 52 54 56 58 60 62 64
2 4 6 8 10 12 14 16 18 20 22 24 26 28 30 32 33 35 38 39 42 44 46 48 50 52 54 56 58 60 62 64
2 4 6 8 10 12 14 16 18 20 22 24 26 28 30 32 33 35 38 39 42 44 46 48 50 52 54 56 58 60 62 64
2 4 6 7 10 12 14 16 18 20 22 24 26 28 30 32 33 35 38 39 42 44 46 48 50 52 54 56 58 60 62 64
2 4 6 8 10 12 14 16 18 20 22 24 26 28 30 32 33 35 38 39 42 44 46 48 50 52 54 56 58 60 62 64
2 4 6 8 10 12 14 16 18 20 22 24 26 28 30 32 34 35 38 40 42 44 46 48 50 52 54 56 58 60 62 64
2 4 6 8 10 12 14 16 18 20 22 24 26 28 30 32 34 35 38 39 42 44 46 48 50 52 54 56 58 60 62 64
2 4 6 8 10 12 14 16 18 20 22 24 26 28 30 32 34 36 37 39 42 44 46 48 50 52 54 56 58 60 62 64
2 4 6 8 10 12 14 16 18 20 22 24 26 28 30 32 34 35 38 39 42 44 46 48 50 52 54 56 58 60 62 64
2 4 6 8 10 12 14 16 18 20 22 24 26 28 30 32 34 36 37 39 42 44 46 48 50 52 54 56 58 60 62 64
2 4 6 8 10 12 14 16 18 20 22 24 26 28 30 32 34 35 38 39 42 44 46 48 50 52 54 56 58 60 62 64
2 4 6 8 10 12 14 16 18 20 22 24 26 28 30 32 34 35 38 39 42 44 46 48 50 52 54 56 58 60 62 64
2 4 6 8 10 12 14 16 18 20 22 24 26 28 30 32 34 35 38 39 42 44 46 48 50 52 54 56 58 60 62 64
2 4 6 8 10 12 14 16 18 20 22 24 26 28 30 32 33 35 38 39 42 44 46 48 50 52 54 56 58 60 62 64
2 4 6 8 10 12 14 16 18 20 22 24 26 28 30 32 34 35 38 39 42 44 46 48 50 52 54 56 58 60 62 64
2 4 6 8 10 12 14 16 18 20 22 24 26 28 30 32 34 36 37 39 42 44 46 48 50 52 54 56 58 60 62 64
2 4 6 8 10 12 14 16 18 20 22 24 26 28 30 32 34 36 38 39 42 44 46 48 50 52 54 56 58 60 62 64
2 4 6 8 10 12 14 16 18 20 22 24 26 28 30 32 34 35 38 39 42 44 46 48 50 52 54 56 58 60 62 64
2 4 6 8 10 12 14 16 18 20 22 24 26 28 30 32 34 36 37 39 42 44 46 48 50 52 54 56 58 60 62 64
2 4 6 8 10 12 14 16 18 20 22 24 26 28 30 32 34 35 38 39 42 44 46 48 50 52 54 56 58 60 62 64
2 4 6 8 10 12 14 16 18 20 22 24 26 28 30 32 34 35 38 39 42 44 46 48 50 52 54 56 58 60 62 64
2 4 6 8 10 12 14 16 18 20 22 24 26 28 30 32 34 35 38 39 42 44 46 48 50 52 54 56 58 60 62 64
2 4 6 8 10 12 14 16 18 20 22 24 26 28 30 32 34 35 37 40 42 44 46 48 50 52 54 56 58 60 62 64
2 4 6 8 10 12 14 16 18 20 22 24 26 28 30 32 33 35 38 39 42 44 46 48 50 52 54 56 58 60 62 64
2 4 6 8 10 12 14 16 18 20 22 24 26 28 30 32 34 35 38 39 42 44 46 48 50 52 54 56 58 60 62 64
2 4 6 8 10 12 14 16 18 20 22 24 26 28 30 32 34 35 38 39 42 44 46 48 50 52 54 56 58 60 62 64
2 4 6 8 10 12 14 16 18 20 22 24 26 28 30 32 34 35 38 39 42 44 46 48 50 52 54 56 58 60 62 64
2 4 6 8 10 12 14 16 18 20 22 24 26 28 30 32 34 35 38 39 42 44 46 48 50 52 54 56 58 60 62 64
2 4 6 8 10 12 14 16 18 20 22 24 26 28 30 32 33 35 38 39 42 44 46 48 50 52 54 56 58 60 62 64
2 4 6 8 10 12 14 16 18 20 22 24 26 28 30 32 34 35 38 39 42 44 46 48 50 52 54 56 58 60 62 64
2 4 6 8 10 12 14 16 18 20 22 24 26 28 30 32 34 35 37 39 42 44 45 48 50 52 54 56 57 60 62 64
2 4 6 8 10 12 14 16 18 20 22 24 26 28 30 32 34 35 38 39 42 44 46 47 50 52 54 56 58 60 62 64
2 4 6 8 10 12 14 16 18 20 22 24 26 28 30 32 34 35 38 40 42 44 46 48 50 52 54 56 58 60 62 64
2 4 6 8 10 12 14 16 18 20 22 24 26 28 30 32 34 35 38 39 42 44 46 48 50 52 54 56 58 60 62 64
2 4 6 8 10 12 14 16 18 20 22 24 26 28 30 32 34 35 38 39 42 44 46 48 50 52 54 56 58 60 62 64
2 4 6 8 10 12 14 16 18 20 22 24 26 28 30 32 33 35 38 39 42 44 46 48 50 52 54 56 58 60 62 64
2 4 6 8 10 12 14 16 18 20 22 24 26 28 30 32 34 35 38 39 42 44 46 48 50 52 54 56 58 60 62 64
2 4 6 8 10 12 14 16 18 20 22 24 26 28 30 32 34 35 38 39 42 44 46 48 50 52 54 56 58 60 62 64
2 3 6 8 10 12 14 16 18 20 22 24 26 28 30 32 33 35 38 40 42 44 46 48 50 52 54 56 58 60 62 64
